error
0.13188601658395835
0.19780684613332553
0.10913609539345835
0.2206881132238073
0.23498304816479687
0.20855065320834376
0.20355194728591927
0.11925376465475258
0.08909239515509114
0.1923836058305104
0.12388941956909637
0.22399821089099217
0.2672277196429714
0.2628270739205104
0.1579225567654323
0.018875599288778643
0.28979190241065883
0.2593076557238568
0.06289701107655209
0.18699225822627083
0.13900540805416145
0.24382807755866928
0.3013992843205104
0.28994631958016664
0.2612160802362526
0.26016574369016926
0.24461456801938805
0.17830727840711721
0.205154458366263
0.11307855750326042
0.22560890431216143
0.22397642696466924
0.21199395978967972
0.2254422553263672
0.2586076445117708
0.16691982146616147
0.2503271881512136
0.02829167474448177
0.0498432234761875
0.29399126598794273
0.23110184296255468
0.22781504449964063
0.1345425900982448
0.19343895074730988
0.23468568987574479
0.23020850430755727
0.2108863468524479
0.2290049298641094
0.2459361793722656
0.2285437802205573
0.2200502734675859
0.24203750355711717
0.19087368055020051
0.3018848247912526
0.1374491823416276
0.17140404293701825
0.12373181950195833
0.09157229450261457
0.23701069793841664
0.20596628272048437
0.2637097592914245
0.24561570422894272
0.24775263834747133
0.24873846603867708
0.19040085712061716
0.2535687957892031
0.28736938014157554
0.2787245145182526
0.2525418772593385
0.25271902612703384
0.18377406632251825
0.23963854343554428
0.24072284663046875
0.05953137142227344
0.15039798624593229
0.17566474391826561
0.24651003339585156
0.13615838766650262
0.05227371626101302
0.17928523942905727
0.08134307944124218
0.07304050903690365
0.23638103339169012
0.21930567153110156
0.17954353732211978
0.21172504135069012
0.13638705678653906
0.23289809042809895
0.22646891900042446
0.16041232593070573
0.17761445917366925
0.10809501458598958
0.15089739558206253
0.23897581293904166
0.21683338477699218
0.19917367863073956
0.042982284873320314
0.17274977864446353
0.14655048228433853
0.10260945890624219
0.10096164073501823
0.20305662665901303
0.17992757509046095
0.09933563666898437
0.19454857841210157
0.15326538923340102
0.17729151822472397
0.1488022828360677
0.07097388142087761
0.11582282499876563
0.15068393046579948
0.18258271959109373
0.15058702881115366
0.19085223142052865
0.20815714248154948
0.10021599584838542
0.099419031746875
0.181128338542375
0.1951397458103802
0.19965325776707032
0.09147887403296352
0.17162317948439584
0.1272375528320677
0.10487344897404427
0.06921894226511978
0.14915696053927605
0.12255878875439584
0.07588308443261979
0.0048518669516875
0.1813176289328906
0.117113349495388
0.1784960206805755
0.1928686571663698
0.18609845303276562
0.1800446156163776
0.1522740907216302
0.11264446363651041
0.1666316973083047
0.19608863595766146
0.13067885449446875
0.14267566635064063
0.15385963997526564
0.15951586256740885
0.17150145167172137
0.15031903295058593
0.1350326670662995
0.12144915332405988
0.11681529433477605
0.13710545332747917
0.018281244890234378
0.10723167011770574
0.08723627572728125
0.16816070048198697
0.1633822247911979
0.13038975288956509
0.08964981785379428
0.07909530080353125
0.10311513508577604
0.15534748335404167
0.17837694357620834
0.09231073980432031
0.04918177632616406
0.11178548171957552
0.15997025534866147
0.13739285170653387
0.09494626846161719
0.20991589225654428
0.14453313374602603
0.1038023510215521
0.008392059634270832
0.22286748960872915
0.22016532562103386
0.20005270644459636
0.12848391038369011
0.11429009470551564
0.20973116202428643
0.18323065825472132
0.13953655067778645
0.1314404136815521
0.26385793124323176
0.22453095524264843
0.06874132271535938
0.008491505680119792
0.2386528018007005
0.2302493353025208
0.2243654591574922
0.177293735781013
0.2220139223792552
0.21292708642276562
0.21641984888885676
0.11503282363996875
0.06865264455600782
0.14077445967716148
0.10242637470604166
0.0820643803419948
0.1715348185311979
0.06885699450254686
0.2322725079786042
0.2107365535769922
0.2161588138082422
0.18988852708623438
0.1450308616712969
0.17486339290028385
0.24000400229497135
0.2442271932409792
0.21563128012726304
0.10949879680735937
0.0563948657638125
0.18356576506245834
0.22254179791132292
0.06732513543158333
0.2258156314671901
0.17593171993691406
0.20360570513088802
0.18134026693332814
0.11742000652063804
0.06656784101546094
0.15018775112443492
0.14627532103014582
0.19018403190051303
0.06956831305210416
0.09068206264184636
0.1602881288547526
0.19436051187298176
0.16792018539202866
0.20019179950080468
0.06574389610130989
0.1647799183306276
0.06215524889689844
0.05854104599971354
0.1631264513181354
0.12047117972597397
0.13487637012884895
0.13073411632746093
0.2121773548481354
0.1925557605780052
0.11727878992440886
0.16080438568753647
0.18080759799588023
0.1622915501816146
0.17319270370976303
0.17964203116140887
0.08273310863065104
0.02201406332676302
0.11737957018017187
0.026957302538994792
0.0550646937145677
0.1210467615616172
0.09515636891966146
0.16627127062410937
0.1849851032361927
0.22082543350135675
0.1785990940708906
0.11692016163506512
0.05056255369152605
0.23816528602526044
0.13516570789905208
0.20626802295772131
0.10516920697194271
0.13701249684974218
0.19783901081017188
0.18050322309024222
0.19997801994895834
0.21727917436953126
0.023860650884234374
0.016793131328606773
0.011145349650401044
0.06917205079539586
0.06286684264150781
0.06263881523708333
0.01682114694694792
0.053666929610104164
0.037050087215546874
0.01350839805129427
0.09296556132594273
0.1377988638418073
0.06633173084142707
0.041231277076619804
0.1761596969345469
0.15555676504554947
0.2791826975948047
0.18602975599428648
0.1528670015421901
0.06286216568880208
0.00721466819440104
0.0036972643110052116
0.006726268119395831
0.023664901381210936
0.0463835672378047
0.0291244305583125
0.018005070958940102
0.010305542998945316
0.11411410375494269
0.01872580822249999
0.010155509921419273
0.23721748533357814
0.01613121447924219
0.00042092386827083367
0.0799199448730651
0.18689365550280468
0.09569888216196355
0.24410636025651303
0.2233160673710547
0.040293364764234375
0.04188385457351823
0.03552224299831771
0.10850331271601042
0.13195762436138023
0.09622123358284114
0.053770137617705736
0.011939030513481769
0.06796521844301563
0.13471967860309372
0.014437689951598961
0.058239093696078124
0.016853657039421877
0.10712621724291926
0.08480789480895834
0.05703951371329687
0.042948747977166656
0.031839952926940106
0.013480859540453126
0.012747708787898436
0.20650287315656504
0.32355409661703644
0.011938738122302084
0.21365552244533595
0.2579999924980104
0.08064179331241927
0.07077206716586461
0.002726271427075521
0.004200241853953124
0.20059304221222396
0.011495275984356776
0.08578854264137499
0.12285492255376823
0.040175546696723956
0.0002795654104296881
0.06978433543645833
0.013705347067976563
0.07528262153179166
0.07057301380392969
0.044562645185346354
0.06932073166966668
0.046382553200466144
0.023906088214854168
0.0022861929352708333
0.11095424106984896
0.05750043396194792
0.0200844879814401
0.2046717998675104
0.0040390236247526065
0.0949016717228724
0.021160262725567713
0.02187651560985417
0.1120568790658177
0.04672594089291666
0.021258546206825518
0.04015416921013281
0.004259208579062499
0.05000930893850521
0.05818177224274739
0.028860167996807292
0.12933944683132811
0.03428776285597395
0.00902933696856771
0.04062514194229427
0.014242213580898435
0.01666559250628385
0.013816462438828123
0.053905323688273436
0.017252629664156256
0.007471680613671878
0.12767854327224218
0.019121668690502604
0.001757476094580732
0.18407522127290102
0.05000117635158594
0.21018952902951826
0.03405063096502343
0.02838603844606771
0.10294580815389583
0.0030165066340625004
0.1383917549803255
0.033247144252356774
0.014068857643966143
0.020693848713203126
0.035442322827989585
0.17454048339097136
0.022437476036674477
0.015672251813083335
0.20108324723063284
0.03816965951838021
0.10875075903442967
0.02914726756274218
0.0035201319459869794
0.016389631681062496
0.029689708407210937
0.05468283632003906
0.18547319938341145
0.0017899404928906227
0.0001985579379010421
0.17692399162215885
0.023741031048674477
0.14551300684836457
0.11676773812829688
0.06708305678738542
0.0067829477967734355
0.0033351804675338524
0.01357137870333854
0.05124683597838282
0.09388186371275521
0.030482412756377603
0.08454126653219268
0.03413224007004428
0.02597097967274219
0.1327179789041745
0.03021375185552865
0.004981713381614585
0.13542836573635678
0.1860029183467422
0.03077341563956251
0.2084405431530677
0.21996474181351042
0.11787396986977343
0.008491056693
0.07899521622505729
0.08837441717607812
0.010899263425109372
0.14167547460689583
0.08222588907898959
0.037956884861718755
0.03113315993998958
0.2255886821535651
0.2045592715196354
0.23353274849761718
0.00030772571598697886
0.002203249160260416
0.032096625499208324
0.14106615670209635
0.21945522102511458
0.0001062334253333333
0.21887679054517709
0.006877287841778647
0.0007017387264479157
0.014702985578619798
0.11515540220014585
0.07531591291370053
0.0017897071011770838
0.09026493522361717
0.1986619203094818
0.020107562108216143
0.029473564406520835
0.05231827951420313
0.24793417563755207
0.22199003207259374
0.09047493290928126
0.003197155997989582
0.041364908629125
0.004561344729541665
0.01982876453034375
0.08122823372824739
0.28414616778439844
0.07879502003676302
0.0024605040328020853
0.0002579073637656248
0.0409370927661302
0.20376409873903387
0.035614536694166664
0.029035619044606775
0.02188470910335416
0.17802017835635156
0.0166359840779974
0.030750641230976553
0.0550885843486302
0.22571848190421354
0.009380974832401036
0.018116060393075523
0.0013923667282552087
0.17199216263590103
0.06346284308729166
0.04509574686300261
0.015806157785171873
0.03431633987562239
0.12761662543709895
0.03046551425157813
0.05591233762650782
0.08115035362730728
0.029398425899479174
0.09253121597913022
0.006506614696039064
0.022801878855500002
0.033575511179335944
0.2177195827828802
0.1905926534339297
0.15393143057734374
0.1694477980774505
0.18737393635239585
0.08800682265558595
0.035874559259713536
0.061206331426138016
0.09608518495705469
0.1920475103726276
0.03779370874210937
0.11727683887864583
0.04007675360677083
0.0014526152490000003
0.09331881779789843
0.043743038511794265
0.14404965049195315
0.25842244340436976
0.08886836864813802
0.06950303352775261
0.09576852510254165
0.21386377150605207
0.05897446632509896
0.09118517979394791
0.15813005782141146
0.13778611738876823
0.11699514238264845
0.12762884307690886
0.0793600856414479
0.14187986397608984
0.05551351001135938
0.03263643132488151
0.023903606845050763
0.12361174353003125
0.09847141711144008
0.05210603280410157
0.09295723331869792
0.046719187333786445
0.15307758972422789
0.11588333145849483
0.04376673877528255
0.14698783708003382
0.1309039632784466
0.04265258230745834
0.0474053212406797
0.07905128268803907
0.06219040404553907
0.06158288096148959
0.1404788369531211
0.038424065836209643
0.2006083476619401
0.12703078568481901
0.0801341539425026
0.014513674874552083
0.019049012725013022
0.25400786746792187
0.12215088024883985
0.034203249539132806
0.18990755918056634
0.08782584954551627
0.053620394059785824
0.05074115941676302
0.0999169418486745
0.06550545701398437
0.027685055005274743
0.1451153752615599
0.1079366474996224
0.17407406420276691
0.17968877691639848
0.17533593667770705
0.03542474750611979
0.19293437696885937
0.04335369694266145
0.03646677603495312
0.16655150857185483
0.21683872105394533
0.0466796859579297
0.012468642702662113
0.02860040551669075
0.19667428129210682
0.0971006944806276
0.046570094139875
0.0798161953836224
0.17792244150655204
0.023590627867798836
0.07690900379429165
0.021093071483533853
0.040180936707755195
0.08085372136022204
0.17614136807447786
0.025703326118738937
0.048425035518795574
0.001994159016533854
0.003008497782820312
0.09732716816609115
0.009021101818558589
0.0008498954714648444
0.0011431486982070318
0.02666362077557682
0.016241108730768228
0.03339927291947917
0.1793172522677318
0.061655248296755207
0.11640333403988345
0.00047205750149804704
0.058057507492531246
0.05844158001307551
0.016249371452521488
0.03161140298547396
0.05081712759947981
0.04454239421080469
0.17754893079777082
0.11111072789699479
0.022384334447626955
0.0624303208763379
0.0010501004239960932
0.11303207706487696
0.020863473381438156
0.024575193426027986
0.03701035135364974
0.03429732393542904
0.010045332394077473
0.007153539145928388
0.03901537949843229
0.02921055492699609
0.05249138203629167
0.05881465180407552
0.03694880115347462
0.014145536830940102
0.037837280446815114
0.03593987787905729
0.02655558887915886
0.03607971960246355
0.002847665826089193
0.002558067585346355
0.0350145980815039
0.006760652423315103
0.018256182889003904
0.010198818142863931
0.0081949907499694
0.10131154828526302
0.013775054621549482
0.008414946439558594
0.00035593889053971286
0.010198749351026045
0.09355149903520572
0.01154517229903971
0.013375181466279298
0.1951362279309297
0.03853560059772395
0.06719662646650197
0.07687516094936979
0.004200092652197919
0.0538913986899707
0.00829569688152539
0.004561899404992189
0.08346957857119532
0.00375188701663867
0.14818564743120052
0.14474119040339845
0.04015211728816211
0.0041752469479680995
0.13871381102521355
0.026427030636541667
0.0011214727734928378
0.07986785935734635
0.017696344112833332
0.004091412311236328
0.04520829463757292
0.03390161135167252
0.02419311150432032
0.009266667180513676
0.06070691989916471
0.022474223386638015
0.06494945894204426
0.019541216491636718
0.0380647442315573
0.06287767805093619
0.006919908829136717
0.03886212484291406
0.07078119153284115
0.05415520836380988
0.024857610377613932
0.03653283445112761
0.01462253015353776
0.04193367733490364
0.0229496211245625
0.08316750723376823
0.033828802745138026
0.06854460616009897
0.017260159012486984
0.06012571175453126
0.019321862458421876
0.04415802820178776
0.0489564804885651
0.011475219153332683
0.003153962118657552
0.04443148651859896
0.07823337804565626
0.007577856500785148
0.0280341000013698
0.0019937458335182296
0.019911953769934893
0.06724019041213802
0.0034531495835442715
0.0949054776449668
0.018517718858601564
0.031190321700213536
0.04137949738656771
0.059792157312651036
0.03039672981081511
0.02602974001752083
0.04756156648394531
0.10843588362250521
0.2369835765530469
0.001199852061736977
0.017142339050606116
0.010852179520072917
0.0006504114743151052
0.03616692094772917
0.12004092030821877
0.02021305123626497
0.028875889691824214
0.018175058455145828
0.0006795788845260421
0.0035666279387473916
0.0042583014948645815
0.038263749959416664
0.002201668672942057
0.010761491321490887
0.10304042535470574
0.027391058831203127
0.019664933105295577
0.06103278494092968
0.22670766445709115
0.0028431614506783877
0.06769704754108073
0.016558336773940103
0.0042275195777135436
0.004596130450464844
0.022596211145263667
0.0025387971576406247
0.04464892311758462
0.07924746105823437
0.05482693013224609
0.009555819474141273
0.025363146416255204
0.11008696651971613
0.006329326346983071
0.03989761002523503
0.00515509222659896
0.06689566564903907
0.04789893285100131
0.11349094390750258
0.022527389632018877
0.00755919039836784
0.051030717866854154
0.019463019489005206
0.02716782073739844
0.0036416615522031244
0.05826869715407552
0.006079432559619791
0.04156010468510677
0.04150710017030078
0.002311200370833984
0.20540053886297524
0.04938400392014844
0.057447869225846354
0.027594541093382812
0.045620308950290366
0.06861843087036197
0.10132972259116146
0.0874953746429219
0.05806566777606772
0.09625544939913543
0.04399701272753646
0.007613474448356773
0.19479380750702083
0.0046533862678255185
0.2146467652309948
0.23745431145914841
0.037048998770680346
0.21253413851365624
0.04139492396276302
0.015795873261111978
0.036439423563755215
0.07462706134497137
0.18487693338178388
0.06861019980830207
0.01177214581266406
0.06903824210810677
0.037900947415421875
0.03660092863180469
0.033093272180981126
0.21535010818265887
0.06724441238506512
0.04486137117988411
0.047211255944947926
0.09378335999901564
0.01893694059673438
0.13172119364330206
0.21173721688820055
0.09756998969175783
0.18134421414733856
0.05378440224652084
0.009775430511734377
0.22192371044540624
0.06316719165587044
0.01157296636907408
0.001993111473041955
0.020784472943436928
0.05001763549055988
0.026324136055197917
0.04196774876778125
0.011692373185428392
0.023326827670275385
0.014220999771427085
0.003737834114239585
0.050297502205558155
0.06010165986976158
0.07826906379402664
0.026258784291687497
0.023758676863120085
0.021180447603409435
0.02267074221101367
0.04804339358040366
0.013333562926367191
0.043522641890582685
0.03526655327064091
0.01808697453124508
0.00705129125043981
0.10364432182302084
0.017738326514701388
0.00670247037406192
0.009955948847495656
0.00622467914341956
0.07766293125355532
0.023425081268899087
0.08806434859304253
0.01823455312779232
0.003751947197516207
0.016100312639147563
0.04079090092051498
0.03095821828107957
0.08494115399530273
0.030551707416251957
0.08177526451473892
0.0191515870206438
0.02231376443341862
0.021258601741622394
0.019599116849825803
0.031238300193929685
0.07471317968303152
0.03543924014421485
0.037804150927375005
0.013118123161625
0.014033893277471352
0.04101655728918517
0.053901627784258464
0.017324594782089194
0.009795219434271113
0.025633021386147856
0.03150821526861069
0.017161719614419924
0.02229971218742773
0.022950247147369787
0.020192467636599248
0.09800087661483203
0.22118123332591408
0.020369891220253913
0.024133642107057
0.10631101517689713
0.07734348447906945
0.09803916370275867
0.022159036322777995
0.3107411712850173
0.0005835674164435761
0.0007320146553721065
0.013794141760513893
0.13366030387981365
0.05298692361849833
0.05596920950736872
0.05504282529728041
0.031909090222086496
0.1453673941271499
0.23407936030622223
0.14729522563344355
0.08060616414084024
0.09157230240020432
0.02225187754628463
0.03657636208083776
0.06803800453856608
0.005891723504727712
0.007349016662859202
0.013083344532905085
0.013642510701264592
0.03288421020562022
0.08221718363905976
0.012733480896231816
0.04717429968039441
0.1874663008893647
0.07565420014803424
0.01620620762139162
0.17434546632629955
0.05592020863630604
0.032788301437734695
0.013695434839391963
0.25628434437632347
0.022610331105331016
0.21200598964704134
0.01566279422002814
0.07874619728066247
0.03029386647204571
0.0064141441798087374
0.014708653422474122
0.03890602914660147
0.010812641384305608
0.01703619949219735
0.06921010635783882
0.018664125753167237
0.02403578454827653
0.025002981305039276
0.02262305653992068
0.00900732584197845
0.012002402453879976
0.06764739153863171
0.007399974151620262
0.015851981715938126
0.04130605201327049
0.07167802694675071
0.018123045328128428
0.024315642190901345
0.30071280822767554
0.06257632751373511
0.06769377309920173
0.09486401857381062
0.04272463031648288
0.0036198274928418493
0.031771257159816886
0.08361549363733857
0.04878018247088784
0.028293354431754156
0.020445798071274567
0.02074431307641592
0.07317468467286825
0.028533091773257354
0.010815851176392952
0.04338638423583158
0.0099766674320167
0.011959302759188726
0.04181008172351083
0.01172613473266647
0.03222453740888769
0.018511051319533043
0.07386931428051004
0.004273357427379886
0.010228086661358932
0.002598472046873333
0.011835747681622079
0.06180884489692778
0.009539028147385399
0.03009842229667713
0.0019485535644338753
0.009836572896981609
0.01190845714960454
0.06035415280332479
0.0029984369988669962
0.11158458788137314
0.005804830563731946
0.009927300756008348
0.019756635109296993
0.031886699568458944
0.009543607748094896
0.029297197589090548
0.004985893045462267
0.004917833552503902
0.15251717100839948
0.023123694560891996
0.006565203433972361
0.002564806192491274
0.07932848514662143
0.029554271244603053
0.013731932095242759
0.1262932480705728
0.019699084809575926
0.024657290950825344
0.05146430373366296
0.004257813574611418
0.0028100038589953615
0.0033230192291843156
0.15575168685702076
0.022025180682704867
0.08321921091432836
0.009424097964771444
0.004764814556000154
0.02002651831014432
0.13282702001172084
0.010168644694219546
0.0469517198682525
0.006105891100195333
0.003211846185951493
0.020141237432541086
0.01741187221116949
0.08156007280319456
0.023069167667336122
0.019098466631538063
0.024708471098870265
0.029997374452557537
0.03714758474625985
0.006752279450719094
0.03846334424150085
0.011779193827343574
0.11847515504504667
0.02661345242649658
0.007355092383535821
0.10653746161422396
0.01523095311961792
0.021015171559658426
0.06883303797762953
0.018913326207487757
0.005486959669047067
0.02238451341573953
0.03837396442400868
0.046894425470359165
0.010607213007758368
0.02940712672780027
0.016968890754627815
0.020662350730396583
0.006209908345203887
0.01422227256696749
0.0033519758280738075
0.010074531805949716
0.0025756881571425303
0.12842928437868306
0.013094884870033545
0.07271815423863062
0.008659486745885937
0.016369483924043263
0.005768769513052355
0.009744913511244327
0.0021199050678005708
0.0453924541795498
0.002372817362192372
0.08397952221874223
0.017410748064031187
0.005873438138333697
0.003547439980195797
0.001841089329579237
0.012298643792658069
0.005428288788603193
0.0018396562417798386
0.009426993696502498
0.017042141971282978
0.008394134767445367
0.06795978584695135
0.028247718258822958
0.014103054755865175
0.08391543609958994
0.10137972429020935
0.00159370912063431
0.021242252515875762
0.09959532292753485
0.00395738087680476
0.004583624911169085
0.060686354597896564
0.010767864340113993
0.004191207199919654
0.04891039911957137
0.24118318119458626
0.07572167872071585
0.0097595960501949
0.005838674664045512
0.009577145942989728
0.009977981744148283
0.01167972439864748
0.026402100423989147
0.01251179817897425
0.003719810066118798
0.002833746733518054
0.06377409590553144
0.08527905063059098
0.029666273082554512
0.16410873108418514
0.012434824960594197
0.006354353776752394
0.026604599905559963
0.22790357111456683
0.0319981689824042
0.005146128961106941
0.017597919461113585
0.09039290405438398
0.0370666932424568
0.03973168826180675
0.11120221933144882
0.04733727828460971
0.053160046511703356
0.01866363879239639
0.23311902855835254
0.011956462354948573
0.006293393585646162
0.02383386198413515
0.034089354389382966
0.0916628306439788
0.07862957871564251
0.012307858249344522
0.18356091280241896
0.055954331908914294
0.03533574691123038
0.02917151333519369
0.023714251111903006
0.02424843053100539
0.05719585616844155
0.00851118964639727
0.1756245311199888
0.16419711628184938
0.025163366397212714
0.04414368172718707
0.024387725916726336
0.050941469113896715
0.034506723896112056
0.016332827129302608
0.016628735923452948
0.004036370337135195
0.06027042501547001
0.07372783547011029
0.08967463439909036
0.060852662774495324
0.03679353483075883
0.042137227439399814
0.012767069555236972
0.08966850330111072
0.028937274101915714
0.08080339493763987
0.00706500677108302
0.004871040654234946
0.02153032495842054
0.016245196655569127
0.02334753852011505
0.010148634592592068
0.005122103767526855
0.005726634431584637
0.00977971500370362
0.0073583748681974115
0.0030445585437295585
0.12638031010388484
0.015895556753212976
0.019127465771366346
0.01393847382548382
0.03238719376010581
0.020777711275455683
0.022832737707874366
0.10483121873915403
0.026146408776744078
0.02148133265274919
0.025747298660136215
0.08102831268052225
0.009010133154773243
0.029402227135466714
0.04881559228065701
0.020353521549098072
0.027204168745135288
0.01831381274058546
0.005272705061087217
0.035966963889422214
0.043693497903028906
0.0317600140017646
0.15805245171633855
0.0177226678214857
0.011760002430132576
0.042879237154255234
0.011178082758348229
0.030757636257846537
0.04407830967634824
0.01333651243656468
0.023794614543756823
0.05875752913758412
0.033872131042103765
0.027444587959100628
0.00912608620377768
0.029841851173869186
0.06340275713928117
0.1684511641973766
0.09209844934672355
0.009271077346253527
0.032408182848677615
0.032379923283610695
0.05926711904492769
0.08319154871539497
0.008953901566016886
0.007959880065016064
0.04241414965976458
0.047105363380136656
0.0481159621592985
0.007326521707229428
0.021369401294844482
0.01877750923180353
0.08373684076836026
0.009577350898011249
0.026644076171342013
0.026061584506623613
0.017459751246756475
0.04035959199823742
0.03370048116154417
0.01104221602310084
0.01046554328219086
0.01642810917391112
0.029165100144900744
0.10182332159425232
0.01066825884770583
0.020620142042256
0.036152834018584205
0.024600099199996242
0.026605156682883668
0.017826820926823615
0.007994883101063102
0.006888351168534051
0.010818350931511162
0.051788617819632184
0.002740141787314382
0.002955408891794288
0.0035956181089239724
0.03247707168534586
0.005650281563816172
0.11864699162349997
0.0037603479372906256
0.03902638538858043
0.050829959336289275
0.020734785384840918
0.004721494576868222
0.0008189788455373455
0.0709240934111051
0.024991924204614546
0.015323167172585464
0.012655809175521447
0.004899214050819841
0.01759018203237066
0.009816185311335239
0.03322680020049893
0.0042931077746701475
0.06400425641231766
0.011886760645656871
0.004864734920221298
0.017434450925962196
0.0018404968150868971
0.012044677951050723
0.018915894613136693
0.03231097482202122
0.04342500170258346
0.006966698382741758
0.0019481578512447705
0.004165168517413636
0.03432286841757253
0.02874251811890825
0.009736943888583507
0.007523083780740559
0.006210609351615896
0.00828032623725667
0.003867314556750864
0.07016016550586121
0.04507791347471967
0.026007837025944166
0.017269047085430738
0.03642495569326388
0.016227890023994353
0.00645798121278563
0.006145785084854219
0.021054244473432928
0.0024648824140881286
0.053037696466844704
0.009165544781509466
0.011026151954416696
0.00823641030857381
0.009173633828133574
0.05944140194361461
0.019299329095950606
0.014590274951723459
0.038549120267407706
0.06028496870736085
0.014100932763394856
0.01600230744175425
0.04039361364779464
0.008521520072930338
0.003341659418201524
0.02880497950726399
0.21675448043256543
0.01166051385870735
0.008449993252996859
0.027138665500077954
0.010791092201999551
0.05602398963686359
0.09612566854858579
0.12398766764657326
0.0336945584140356
0.007154179838284691
0.04544265507235664
0.060986170855053874
0.002837413061495103
0.004816205746448737
0.0026853924034081675
0.027516493923478824
0.004634119416506775
0.005082875314827886
0.019738827077226673
0.0011847951725920732
0.09299996849048937
0.0064715364026840735
0.0066408480917073956
0.02169103320239943
0.005344590739741628
0.04329896067041536
0.03660243621109936
0.01838643623426785
0.00201771874378978
0.027085113937952893
0.05994043369830759
0.014131701704974874
0.008691149706438963
0.0007774039935761161
0.010378126690008435
0.013424790888106412
0.004842100727276146
0.012977071702831805
0.0027875246133339804
0.09014467685555379
0.004636182734025476
0.015704217352842557
0.006881061850331725
0.015676656646604458
0.003056811286377983
0.0027086972645483233
0.005617137473575177
0.10051574003748502
0.05514877965164081
0.015858707221940428
0.009648372368556559
0.030803894933030627
0.09031739621179276
0.01334504735166256
0.17518855683281143
0.04443656796745704
0.10729256295685292
0.022081100751423794
0.024616061529572353
0.16768553043674125
0.004899770466412545
0.013209291361087857
0.02861439192064084
0.12061155421865354
0.01988421157904667
0.02135035234481118
0.04813308077856208
0.009345584476839383
0.019039401655150837
0.010521141721090423
0.013779305587217254
0.03023903822745595
0.03076025721973294
0.006777507792661431
0.0022307058868269347
0.03673353049262886
0.011712727554896461
0.015139729196258472
0.024244517741970274
0.0022424703441889502
0.07067396795555946
0.03666740545757347
0.10101934348253257
0.029478279755229164
0.02262744605046525
0.04611316498162668
0.00910537185471015
0.057148951335351694
0.008144404778942694
0.05644887566432671
0.02452899889466849
0.007507174750580659
0.05646274581190924
0.10238646058070298
0.08611865440259432
0.08045466805493802
0.02635796717524611
0.03646119802464285
0.09523709528194035
0.031982813253655415
0.01641794842979075
0.033442003820461634
0.040494858427330985
0.0080375937593705
0.01608976076231881
0.10573769828382658
0.06653059714375542
0.010227503550236628
0.03383684117752429
0.007992275241803251
0.08473071811371187
0.02786691301866626
0.0314058469501959
0.05356202877721861
0.018761789786092487
0.01838436611331536
0.23179579201346415
0.00330913197890992
0.01495897717517959
0.017304329795347472
0.03301282459294322
0.023951339110513673
0.060271517726495465
0.11502168155701047
0.012671545140886876
0.022424061977624466
0.005051807321981649
0.036090638902295365
0.18426931062219284
0.004355640009682464
0.1326455298688716
0.10775546872852428
0.008748835188697438
0.011216458328932116
0.016542759395594197
0.02345621054853333
0.04056593546264938
0.009088563565874027
0.010459824998966848
0.030095491474988915
0.012952296421320944
0.005820768220136412
0.006779138195582529
0.029219103744222538
0.008456278527604411
0.07497184361373761
0.02754420496310243
0.0719462741461676
0.044079987750879956
0.021666411394714494
0.016225717441643688
0.020974101286841018
0.009505976134634825
0.05688066708286648
0.06346556382710508
0.01726705614922153
0.0064296943278661575
0.007200853581638779
0.008982094914998068
0.00623851378682931
0.044370338934879565
0.00834267557785096
0.02540474507429752
0.03887715304121051
0.016917866925289418
0.0051151632695222845
0.008828260371732405
0.003434365767261442
0.0307456421392973
0.03677840943777451
0.011331760078295177
0.005935444291835624
0.0013670247073991574
0.032326274285244885
0.01650457653583896
0.04318630995904338
0.0241873236235849
0.015965350990614764
0.02474838067576754
0.02051564299936173
0.008271214865102192
0.005716584970706148
0.011252845888208471
0.08667611168337158
0.021709407239850567
0.044500568155643995
0.008057295634905003
0.0914026572428968
0.005845770278538426
0.003600311290279611
0.006936071147388332
0.006371426771369183
0.004858833380258329
0.08018056738347758
0.008482452540852364
0.01309350423468917
0.0030043859311310807
0.023533373862887803
0.024581866699683926
0.008922409346737865
0.0063957602198216265
0.0027177673927602417
0.0046859519653467034
0.06077903072424964
0.00048335045719686333
0.0054492608408115715
0.004525811951841035
0.008931832639796274
0.006601069977902329
0.06274725405901425
0.04965573301312434
0.029187538072044255
0.024819593904108053
0.10930944481040612
0.0025341699991873836
0.0212516222296653
0.02166520410919001
0.030065436090467412
0.00990085883056716
0.015511003422092764
0.02959521280798748
0.004134967353593941
0.004574113528558428
0.026428510907923874
0.02785498750418493
0.005641973723223153
0.013291221812161094
0.06879411768610033
0.03841460018795721
0.03005184261227846
0.037205693214928184
0.01917608830565039
0.07844644158851066
0.014297102508030185
0.0037195128756171525
0.024535124011244146
0.014543089090898772
0.013244224480630729
0.013423949383655489
0.04831347186252658
0.008459047264891984
0.007241112012615211
0.008599108098854181
0.015792711052633236
0.10686007150567513
0.013756714815650035
0.05460971002979526
0.11644189428186628
0.010496225579320404
0.010939239918589048
0.019900140795425802
0.030105046961253584
0.03962856487857617
0.05701795934423884
0.011872282493059256
0.04350749969130765
0.0069259946333600116
0.0030164746116758873
0.014681315644636624
0.03381067450300394
0.01411649429095053
0.004652239761999662
0.006440401315556795
0.1775896494914407
0.004515864798798068
0.0331515525977047
0.009373581396569193
0.009677200555526119
0.005534389786901957
0.003688560996255851
0.005076889804620974
0.012480631675270902
0.016134046563705876
0.033499787572258584
0.20741336056913615
0.14513955247149482
0.009225556879611886
0.0045324505286343875
0.06031840473735617
0.012089158778529037
0.009275719643937898
0.005264417970884128
0.08173978130877951
0.0035347846706051678
0.001041851764217333
0.11157240829884724
0.02477604348148917
0.014006300838100455
0.2694248847439272
0.01074763149830052
0.002770908724729637
0.039985983340458345
0.027216260587629517
0.0015966771567324258
0.1765809492578597
0.16678795418418646
0.018807562355626865
0.015564711623283161
0.12179376503956035
0.15548430027325344
0.07482191658156152
0.008456993347621592
0.02592848381831343
0.12997532885188887
0.04873128533098512
0.041801775315920886
0.02271395769311603
0.0032222604872597514
0.0073152728576209225
0.049046536420387477
0.0009917525880459622
0.04353141128490465
0.041838796495824365
0.01351212876881326
0.11395105009923408
0.010424255525361222
0.02493393876430976
0.018356355073465974
0.22250508319379977
0.001963548050082651
0.017223093129105596
0.010849554407248716
0.02884634341633212
0.09958550399650738
0.028056072218975287
0.010600811640264766
0.0061804436139389594
0.022485550516688324
0.0159523756316842
0.07409960900039962
0.030421860285954585
0.026134199497392558
0.01394823374176959
0.13726172100043907
0.010515999708901325
0.009253756497468997
0.04890785926943119
0.14292861529675263
0.06298424153390798
0.0011651033882229018
0.0031064667059490085
0.05451189068683727
0.05066573040316406
0.010354312344386505
0.10043359016060449
0.032549335617159426
0.036561811672847805
0.020752764964937685
0.016904533661896794
0.045068069137110735
0.04825556454868499
0.07802636532886036
0.017788881233316903
0.0532493988393463
0.018117290259979327
0.009716524235122589
0.06255270509858328
0.013264980957620428
0.1860385829963287
0.04232644584024664
0.06235568283115508
0.02181441737786578
0.021780807782694186
0.020207280415856833
0.025797906809870787
0.019685396829132094
0.013667252424455377
0.009185902853362623
0.012715016263158579
0.02356518669401261
0.014479605042553205
0.12158589965484701
0.012293904058391446
0.03818634956440997
0.031354833803557
0.004913327843460518
0.02556584297264179
0.10795486342357126
0.00982489774391984
0.14155322004274315
0.033254140750210055
0.02484249592239599
0.04007804353379623
0.08526465029231267
0.052522319293037446
0.015547167636585346
0.010747511488436223
0.017507216758950627
0.051707457018985964
0.024239900628162715
0.2647716401045675
0.025666847453515673
0.024437535179372725
0.014449453343481427
0.016760401822824397
0.02012830413618545
0.010769599531194917
0.08201836976876348
0.04746141403782946
0.014306229002531074
0.006634701596128628
0.011510115679741773
0.15943832540330405
0.027217418185388417
0.028893752983997555
0.015025144523878249
0.01231045325561516
0.05684275932705075
0.026257480037612576
0.013016554480386801
0.021620290088095327
0.011027451810410552
0.013304011438136828
0.0885790394667524
0.04325109611964372
0.00358689266743935
0.024198002705233344
0.031101253179956736
0.004183314159661138
0.055610330365174515
0.0422942715046272
0.05597883523554215
0.09126896653088556
0.026406050508502105
0.01174592684950179
0.011717114002514732
0.01595405460670007
0.13150417043865792
0.049717449880081234
0.021910795986890167
0.014594670986908252
0.020838699085999415
0.024286244887958722
0.0011799813030454835
0.008043484236384376
0.018658280420815052
0.05171479598373343
0.012713109652776
0.009058601654349706
0.08459177479197459
0.018301537491100764
0.04790839726847521
0.011936915315576722
0.08562497727826009
0.021968793867359726
0.0036108871334271805
0.1041167139192869
0.044203363544069584
0.010262273568013115
0.032616166331858716
0.03458515470306162
0.06434533974118212
0.020722453400759695
0.02753857771407989
0.03426471655915637
0.016805827964753727
0.02701059628695239
0.04768030098739231
0.01612834319633318
0.01684680717170539
0.006408236290047351
0.009527782847233827
0.009968793687895279
0.18626792834560543
0.03981514013524797
0.006253280178651424
0.012277822572443677
0.008206642305657656
0.01804475499367781
0.03133332810080157
0.05995891242175296
0.013508868034394642
0.01097469342767825
0.06876719840899286
0.02589680356604507
0.03631227046678379
0.00249964295503865
0.002822881609489227
0.0018785159930002774
0.007520602605528936
0.08297518725636578
0.012041103552288409
0.015390389580616113
0.027096810720052877
0.02543233923768605
0.03903611988700141
0.049887809752812574
0.012221854483136436
0.008299448501729275
0.03189657328798076
0.08200611866113287
0.001530358734610944
0.009331675090484035
0.0037087198693817156
0.012120691004917104
0.0088172279660449
0.004537956743107355
0.004496936465514986
0.0017983361904364912
0.008630964201733057
0.009215528266826119
0.13377072222816036
0.15868527198094035
0.03695496368638065
0.03296616186071697
0.010677812005151324
0.027957089566023056
0.13030469538520514
0.06879038621144806
0.03921262659339731
0.02072838604124207
0.058484547789450864
0.05918937970684616
0.007164146773627308
0.003199180259159455
0.011927471097822127
0.0041046981210123385
0.009955059134026728
0.014988165521145761
0.04825212682098976
0.011337969928923048
0.015325161656112083
0.008776961534107883
0.010907835130557172
0.02599154465183058
0.08311308186164583
0.033720340188226366
0.0375670688809778
0.010108398435651903
0.007518005142833569
0.02402170922966718
0.00078050146374575
0.05529514006010922
0.04182257505874204
0.008708359970430733
0.011563913422375725
0.0489727998045717
0.013231117857325664
0.0006004472194260205
0.004498038523043678
0.004864456844741444
0.005926649125181992
0.01764858765365923
0.010151812703313475
0.005749192131317586
0.006088650003856482
0.009227440816159236
0.13718472264128065
0.022428817326447473
0.012830684362580525
0.0012146189523761736
0.07277463077222983
0.005277650653822719
0.11452433592332327
0.03304505844498972
0.02322612772488786
0.22862804536697065
0.003316394174823892
0.016949991413362536
0.012877722603475842
0.011068816179827093
0.002494978845955898
0.018265471357426604
0.037280690378617906
0.003741771183623823
0.00979495259727878
0.04996906275478296
0.03535249558052646
0.022244760870081762
0.024008403895892167
0.011855238119900344
0.0023529306178185824
0.0062277964606574495
0.1618658967098672
0.007184924562069255
0.020985067003009592
0.012128866886439016
0.04298231331343005
0.010465510907093604
0.012270023303346074
0.013515183844105896
0.009113036910609962
0.10425329658555682
0.006353491488700688
0.101815457170377
0.05850218646112718
0.013480761578601808
0.017494127616552457
0.0176140519933542
0.012302534121039127
0.014952782347846543
0.030337238088258958
0.03688138608633874
0.03502733827856174
0.032685464782409974
0.009212804179390641
0.021429541718957876
0.006550044295196237
0.045532044078149474
0.016591097894213664
0.07855484619051091
0.028482442724519757
0.00947700088831528
0.0028828922850859147
0.004834498313111758
0.017211292285314393
0.01941750784159727
0.0015632907217117207
0.010604165056209397
0.025387594701859736
0.023088187809202767
0.02691312566980779
0.007582168588820551
0.015418029549181249
0.061180912087800056
0.03062667838340082
0.009482878651295172
0.011370425511724453
0.04317400885741885
0.07783933183054684
0.07483416836121036
0.015595655978037519
0.011295799093886451
0.015360773782615545
0.014658660986422064
0.013912788595621036
0.012364724629517152
0.009956355840935701
0.0075540858047007525
0.045187319084650325
0.012761103841988754
0.04161058498397608
0.16181125690131332
0.02929556073492037
0.10017030522815823
0.007998662081866316
0.03201434036665486
0.1412392540011257
0.10001675236494013
0.023422399731465565
0.016039378391671324
0.08511577265426841
0.0058272530119802025
0.07688044824084163
0.005353316218146011
0.012694212288825007
0.01702976216060397
0.016416570185509054
0.041501594899997205
0.19517446091107382
0.005628712721780109
0.0924029750974427
0.01199949231996964
0.13738043518143214
0.01817583654623919
0.07686547046915174
0.012897814972439565
0.192205097013235
0.028844972833984506
0.004058147017850583
0.13129097587149435
0.025514388470763736
0.009643955888450724
0.008167100495927773
0.021456874520995428
0.014990693997587878
0.1067105378469535
0.007602559777616382
0.017306443256526364
0.022303722822835336
0.20838744884470162
0.01765437421970126
0.0965428375436032
0.0093536424505629
0.045589046203495916
0.011372179588786106
0.0261711717846906
0.021608943752777776
0.05598464451879692
0.005037918981392097
0.015571054385570458
0.135763119911034
0.024753410517020524
0.03353503788884187
0.02230966089623555
0.07084868381653177
0.06824640287835483
0.013377784740315257
0.016558632105592844
0.05957956415108042
0.04823365296634752
0.029241688591881494
0.034625975497099705
0.014569863240720475
0.13317469627624873
0.024757544683002054
0.012013338990300146
0.04921763709016513
0.015061194370436598
0.021450906392051116
0.003723423926252234
0.011500233142040184
0.08401766649327423
0.00780775198725939
0.01869586185899498
0.01683299733675116
0.04170280760586523
0.013702399056687109
0.04018870803357404
0.031453831231258264
0.08286790381869734
0.10433890585817053
0.01748765762544283
0.028832720094379646
0.016277081276273957
0.0694099144182851
0.02250488991477634
0.011100084682275017
0.012554253834495807
0.03515983926433427
0.07711627163963745
0.05262579334141012
0.05715291609969011
0.012590470609889838
0.003481510501307999
0.009462867876481935
0.07142432121557911
0.009184350525498522
0.0041329707654007486
0.0008713603634102228
0.03132597585841026
0.006450489411752114
0.05980091895900334
0.008025739541640603
0.014748278664269684
0.002707369678175841
0.078773272132127
0.04654293054671568
0.016568531027514048
0.007080269575062927
0.004507366610004831
0.07540140711538461
0.006907000057391255
0.001866147097800153
0.09288799257844543
0.09102815751021287
0.011910217376547738
0.007128426791665372
0.025078872847948564
0.030419789968834487
0.007326169395065894
0.0781798821475475
0.012549300462629878
0.03411192990156749
0.027044964803764684
0.007233263387573745
0.004305372761848157
0.05016568099183339
0.012350440425494512
0.032685775837671745
0.028979242998289634
0.002756544417964052
0.06148610937172951
0.0697882498432354
0.025901905922951773
0.04972943029012416
0.010132132387230106
0.007455143024757999
0.012583378759588005
0.019779334868226913
0.01149935688076161
0.007875114007657648
0.036738757098872546
0.040077922324763295
0.01888271316262889
0.1488156290595999
0.024491629224718144
0.011555488557953434
0.02968453895463138
0.08376055181755486
0.07531328829904914
0.014321525396012903
0.022581915091313312
0.118909020215083
0.21578845618797174
0.17173119775112863
0.0921965414750135
0.08084470153695704
0.006389534865656954
0.013546082809306586
0.005492267412538697
0.007177271815842
0.07363429404493631
0.00024966602147720424
0.0011197581055090407
0.0011354321702026333
0.0015551275142936213
0.08665576699972367
0.018334104290517
0.009804968906633542
0.042038686050880375
0.011097350562827263
0.007333484995181137
0.0007073295001630872
0.03189107673924103
0.02586202332026476
0.008346468987254631
0.004737585002081146
0.0392668386050415
0.02942043802211775
0.0020347415452223795
0.02883382536220852
0.022540554389650854
0.033315140754504924
0.04355098724940005
0.04460475184739978
0.024607872841298613
0.030652094638372016
0.015509102951118245
0.14291895595908888
0.0022693966157107063
0.010243834458124925
0.004397918922857552
0.002768677850784882
0.11784336459467765
0.05304394406957369
0.02994843701951645
0.00694624192069026
0.009752957185945583
0.134459958503494
0.01941914502702
0.013847812551223948
0.11527425489745598
0.05646323153366528
0.011538926326709746
0.037930150853976725
0.05573562224482409
0.020234664686517075
0.09518963876415898
0.012893139048273244
0.01796851723361225
0.007151992975149562
0.007198174686642705
0.10127603480798648
0.0809428513559979
0.036197589750032635
0.16076499687462295
0.011857678907838684
0.0014256486507517178
0.015393242187244978
0.12577096956858083
0.01457055796910403
0.06867290263703339
0.10698961824562452
0.016761957176757394
0.005669040831813361
0.07585430585734972
0.009401061346275158
0.0053718693573735375
0.07716496805437209
0.005926506450804073
0.09603032867379935
0.01245040054600789
0.016491284908598396
0.12086037708180587
0.008395576770753204
0.007463522806352607
0.006770380788359766
0.002624197343271691
0.13571241006945287
0.11752043424451876
0.22841323586246923
0.012843556748434931
0.013729777195128164
0.11168769369678176
0.012446567509977165
0.014930858161220034
0.02034428989747675
0.036423657030019624
0.006256927989744903
0.011501403977356781
0.011532234887577405
0.15054124885757617
0.02332105390468781
0.009460593782707104
0.008660536527801996
0.11004885836716367
0.013194385811182721
0.024757820749689578
0.002815667815532016
0.02284433017638764
0.0034319527309646346
0.01765545460758221
0.016431701161634883
0.02536559246477069
0.10800669483848611
0.005322831535497424
0.017768176982119008
0.009948783212358614
0.009050208187116245
0.11000498578208283
0.27527496388751826
0.01436292249472719
0.01736336261998455
0.03813380806769861
0.011225263537088482
0.007643174097242988
0.0031449457002022305
0.0068013686382220545
0.006857879086573305
0.008045321874941771
0.03337846797106435
0.02422354705573958
0.005026307825690796
0.02896629377113803
0.017050145090239662
0.01705666767235614
0.058476533242326656
0.10212656415101477
0.0408236629841681
0.037287796684818235
0.02923091427056489
0.03602903462357023
0.07080140268233483
0.11015266721133553
0.051877087555108226
0.06054162682673108
0.02152981889489731
0.037307887659001455
0.005443368616721894
0.019558471503736227
0.014254448638466888
0.07378483354215264
0.11755582298974453
0.04865210863717037
0.18532083183249448
0.0027142818540372353
0.1058812983171994
0.0612464667199801
0.011055260440392976
0.005580073210916303
0.06379867844682582
0.0032165634982245683
0.016368644610563258
0.00336488915876928
0.04666378635908821
0.011987799811079669
0.006839667613263204
0.13085798884738212
0.004670350265149484
0.0018977008611761653
0.005512714496506165
0.025072899529362883
0.00661382073453932
0.03269279769220821
0.005429754434388332
0.007172067731124533
0.04987277050705031
0.013051092676191393
0.051487769416199904
0.05539124595807732
0.013081259852895315
0.009632362967725431
0.005687965631097459
0.006560949300975224
0.009902913381405743
0.03265453932868204
0.017791853579684828
0.01591172800629965
0.05031364106490912
0.02962035036820117
0.008414879661686211
0.021338140717730616
0.01344380757919738
0.023349138631941265
0.00786745334030075
0.022169894255641576
0.017089507760456202
0.0038794778994830498
0.0432010580606588
0.01372476556225032
0.08369397633777174
0.029774480554574403
0.010268678041932999
0.021082513991527274
0.005906867876667187
0.03028372845591633
0.01485845613359097
0.048745689094770804
0.054401335202399315
0.011991487650892944
0.009840775606757607
0.009818056402804223
0.003833810914892499
0.005493587565034721
0.007864554323830293
0.01669559438043373
0.009980954542491207
0.029194588647652984
0.03072196323438858
0.01318930685163284
0.007387638505459857
0.016152027341334446
0.017329207409986228
0.012553262658101033
0.005682589518326787
0.03061834837710041
0.0168369133602999
0.013261651253165524
0.014164196622447474
0.002260887623073949
0.008506406806438807
0.032198100893415536
0.020019613051672627
0.038805040813768434
0.019784900798217302
0.007939027680264481
0.002107147138362672
0.004758562831394039
0.0088522440591791
0.013723896319974345
0.0009467166660189616
0.000923354033801401
0.0006453801098258921
0.0008621245679357122
0.0046426119920293584
0.07079178541632213
0.019197376982659806
0.044813027979635496
0.03962433160378242
0.20127295579773008
0.007837219945026237
0.0023831852143109604
0.05161581844772865
0.0077741702100925306
0.006454342787388541
0.002913468510250866
0.0017580009593710746
0.004987481834683436
0.000990074741913967
0.003741714927846243
0.10152250197968676
0.10794557079462286
0.007627428279968218
0.0341503599820784
0.027199421587771125
0.009693717604870724
0.11839724708943632
0.012837295056973829
0.004745493575076913
0.07245468055066144
0.10196429644112748
0.005628503362183172
0.006888256892377149
0.005351275848861941
0.041260903691634015
0.008825310080066024
0.008882519298859295
0.015163677796794527
0.019556980544789094
0.019809768327128236
0.012926730773482284
0.011331490920476585
0.014359428926981901
0.09758102715757294
0.04608582669187905
0.01541946519125349
0.08118232691087598
0.08254913516549679
0.09127777393302766
0.09356029194454919
0.14072244108962903
0.06840685740587708
0.09356167494596183
0.039130078068451035
0.011935839644649665
0.08226295389598443
0.006416023045864837
0.02225959809310728
0.0203403916778926
0.03781805968081591
0.017853439318474374
0.02026140269816842
0.012936719888495688
0.011033985210031516
0.024493867876077217
0.042425687008766276
0.007531109873833232
0.01914240050526902
0.007500829390184971
0.034578857284213844
0.0076682508770707395
0.08318856646917476
0.009601420029618103
0.018457293115580146
0.04784088998700516
0.01711174979227651
0.02968390160444588
0.015728613366982797
0.03488969967867817
0.022759816257961366
0.006845091093947636
0.05407392085945196
0.024126040029241274
0.005789920998150486
0.02343283501001671
0.02106527752661323
0.05551456487930037
0.04534838536675747
0.014299033334364287
0.009986898982313426
0.0009111992618721886
0.02008612260090871
0.018518289404186695
0.012622541008278261
0.06525636892867091
0.035346954383726
0.01004180245301686
0.0280188812944719
0.01568043499017905
0.08867064350740923
0.028473469752183
0.01097771091182654
0.02562612720150946
0.02046449001890846
0.1948850675760362
0.010626554473509851
0.0028107830927061
0.01494069913092832
0.003893399596243991
0.0023467568256524585
0.017210098587349912
0.0014176225541376335
0.06562191114891563
0.011295854872095041
0.022769567080491587
0.052004885001353966
0.019832361241163964
0.06868787376491707
0.09324648782356858
0.13026694672200698
0.061570595166875
0.019250030312901473
0.1152116587523241
0.013597190204234543
0.006282354394972998
0.022597484418276328
0.11469978978597468
0.015829611386853543
0.01766367627124318
0.017681808635507633
0.2410072571725739
0.07154075442755628
0.012848008802977854
0.018929180582934683
0.009115926150250739
0.09412441920551473
0.06349118934567091
0.2349098992198844
0.04054883523795847
0.013417320170889882
0.021547313687632835
0.01243345940447634
0.005703319120006117
0.018210164158307184
0.006912722156233654
0.0026914443606141044
0.037409920816598975
0.14428712822073703
0.07516815041119577
0.018212626454821926
0.0948171075345602
0.009639205583227683
0.02270499085290841
0.009610792749092314
0.011821686606494011
0.04687556721257749
0.15569810963654238
0.0251610072763544
0.016857208890275466
0.011642260298838143
0.013423151542842576
0.09060947209318632
0.03278804293989371
0.03352647146294375
0.010239081115793375
0.013991090433240037
0.13463537738013034
0.19465578765440775
0.005645554762221627
0.010699939492396079
0.014799636939184619
0.02313185807301236
0.09488068912118268
0.0181489664592456
0.12485148336942493
0.011507904939466039
0.017809737801892107
0.01741577159691687
0.02602993949126617
0.005208558140662854
0.0004901822756942821
0.011031709227435418
0.0030075556596761695
0.015964989679871606
0.03299663357433476
0.017900827477037286
0.003489145143412016
0.00859369957392588
0.005014147061820855
0.019683300718417816
0.002412521813008699
0.0005783514473254271
0.05746455406999917
0.0693524623629012
0.05714320465040087
0.0054177493113519645
0.000661530681873633
0.0009817893192164513
0.029561936230578605
0.0582486578544392
0.0784766203655176
0.047336528551389555
0.006873218479329048
0.028212834085035086
0.006184388480620583
0.008666551309761057
0.017178843707722827
0.004151331584598644
0.004221818281601969
0.006710557974207339
0.0025003134155650486
0.0021390154303678323
0.00954581155116931
0.04873189472370032
0.0170844831668793
0.029007721085720427
0.006447768555082937
0.05580549385631104
0.0362110187471588
0.0479046305107347
0.007885677944688831
0.0704533412424306
0.012914130825116976
0.00907602815775771
0.0027626656037101354
0.006017251327480737
0.13827803325686247
0.012099415007080417
0.01209024368731229
0.06196609921007331
0.07579337551117678
0.01985783263481625
0.043390983164693815
0.005211722440718851
0.005093545917133533
0.011257290505706131
0.021330416852951926
0.004403831773530663
0.012101754934237215
0.0819621625193274
0.0071154252457959685
0.0072809469024234215
0.023157825177173474
0.16888709760670906
0.06810870450056579
0.007166689737994014
0.013922902047155107
0.028183325755496008
0.004393647706910886
0.01491106020387428
0.008250289621276741
0.043895176878106845
0.027638226970797125
0.030212110031745645
0.010589839108403309
0.004428820638254232
0.009138465392967228
0.036510890154707466
0.22350006268619374
0.01591236826782721
0.037206365481984104
0.005414240911501379
0.007374019596112678
0.0038204760960196455
0.0017680453329689926
0.06133252450480136
0.08408881787491602
0.020065233113394563
0.016804098621180624
0.07309812958820348
0.0028337155290007934
0.0014890504430218135
0.0010296467066235467
0.002042406290511848
0.0018857670928597687
0.15512698183942855
0.006321541072970308
0.0058125976255201
0.03877937570487635
0.051253523044331374
0.1305570412906384
0.0011754119982832747
0.009842581221316494
0.01989965667801892
0.042051080951302
0.03185307672567948
0.29402648237157286
0.006310534666805322
0.10799122948431383
0.004021526740163405
0.0016556735358225912
0.0030505699807231966
0.03570667910539726
0.018879448327288318
0.014733869584210654
0.015143254570369885
0.007152948201816493
0.0030928704416820704
0.0109978095677032
0.09465012254814087
0.0022300619896839127
0.004903156808374173
0.02152711560196432
0.10136607234835443
0.0026050130854773815
0.018852543722259207
0.0021530075879983355
0.010728250384306545
0.1284624511906672
0.014715045191721681
0.0008519597456200203
0.004050980292440447
0.002831477727226778
0.017427799802671964
0.008701049457542303
0.0018313237941899145
0.03245979384791043
0.005411483898432773
0.003886369699739722
0.009116654371539116
0.012206033666775048
0.02861020963926399
0.012341077510637533
0.022537182085489268
0.00746174422782503
0.002804488999598054
0.12424954730206227
0.02323332680616928
0.007929820576955801
0.014255657745046231
0.19094790723983243
0.056989809334932556
0.02366118788677977
0.005977478904538913
0.021561006015700577
0.025863739129152647
0.03683166213008355
0.07898041147555203
0.016377090457182667
0.015542380563231222
0.01913539572472322
0.002406499830229437
0.013274623430611046
0.06715692451052861
0.04416507198489486
0.10396554274965229
0.007997554175543422
0.008337845639729707
0.20281583737270084
0.01780365354147105
0.01154224697209935
0.04396963939943055
0.011696172973758958
0.01032092128830902
0.0023487406723535025
0.02776195753559989
0.025603016115512762
0.06937190574474035
0.005386597049207306
0.01826088733718165
0.041299454846870566
0.006462330009761608
0.044107799643633594
0.026192676914476035
0.01775695401075149
0.009383126914823738
0.014983842560211893
0.006481099338605881
0.03931214496174208
0.021166484933660395
0.018286231749515516
0.03705881329520493
0.006140498700647271
0.01495803913260229
0.010913790350729285
0.11845578528376037
0.009928562908904603
0.0170293929168392
0.0158179909429853
0.01432354576173066
0.0023440947519267835
0.018971524629350832
0.039345362272134476
0.013339064400985126
0.018484211623455215
0.02994173917715595
0.021053461234912235
0.12135952668590588
0.023813842947849797
0.018334859958883957
0.002518133278941887
0.03179426040337808
0.0713093418394491
0.003701921528900654
0.0045963050589832785
0.008395028343597533
0.01312167382641101
0.003738179551942762
0.01731720356429779
0.11288526723222919
0.026490720654413564
0.019265824285811212
0.05304148482129506
0.0033641780851075918
0.00999042488647219
0.010201715583468855
0.010025134368558892
0.2904958329692224
0.027261963521394015
0.022757582183050545
0.04274500309580213
0.007197328940132727
0.021654642310906632
0.014596065940655987
0.012633586769275547
0.005947764674631681
0.0643724588979999
0.00494306953915022
0.09468754544186146
0.012673092807915455
0.07280452733772715
0.1524802356600138
0.007285046781538019
0.01675194351049596
0.00974413007834101
0.02577863605451243
0.03665364857972226
0.014999217116194584
0.005959653401539503
0.02459886554302816
0.019100220840337915
0.01864262956304155
0.009449390649772458
0.007748221391327292
0.014149125028448674
0.040436348563062795
0.009227989439478525
0.12971387994189928
0.03468559558415129
0.0164297900548861
0.0411473682307617
0.00969307626220663
0.10006479813009062
0.008746880554483761
0.015574401659991565
0.02936654202753704
0.07918574121245643
0.024814301682526543
0.004006075531817774
0.006496164434210472
0.018121018915502756
0.02345422782906581
0.008957491027343941
0.03359520830880897
0.008132467556955243
0.02269973426996938
0.00557680362362612
0.0027631680030463144
0.01623411619331395
0.07109309632046444
0.009654815192062138
0.0014171055542845188
0.010268226834736105
0.01377932003669747
0.004641712598717591
0.0019236642444405469
0.014155930143629647
0.004979844621223411
0.002256494226914222
0.009703004110245475
0.002808138260128087
0.018753360277793407
0.0499496016263947
0.0006456489572186855
0.00046308214087981944
0.008830504796427807
0.005172957271302124
0.07987528441282621
0.007682969698795695
0.04723443904035076
0.03633927126879209
0.06626529502071671
0.027142576994162313
0.01065944374226696
0.060643607330462264
0.007304063713783351
0.017354754980778892
0.01952766178334268
0.03730747274810667
0.005598348557586384
0.015563625137317294
0.008238334711831928
0.0025509303806635583
0.019776280399115782
0.0630162612046787
0.03215426253835888
0.06259281379970859
0.03051807153726833
0.045803612958716544
0.008972897789590822
0.0034039167308338035
0.008388034435264797
0.006302447897887664
0.013645943046213372
0.010751888255543638
0.0044453427383383814
0.00817090840557232
0.013401956425791658
0.01085842780230291
0.03274332050254634
0.028831222614663487
0.04159015438234545
0.014171798585593443
0.03357413990343163
0.006131615705481651
0.03101738301915494
0.07557859653845635
0.009168910260330515
0.004264119595304516
0.018420866133409226
0.01381969217700757
0.012408388117069855
0.003358712658827912
0.017172716831761786
0.031725854436504566
0.0030855586072912784
0.0012353886516605513
0.033551169632132574
0.025988943429591228
0.057497597096194154
0.012256944112234193
0.018714141793613796
0.009650186683341234
0.0028231649186331825
0.011572225027629215
0.0035110841462330836
0.008758090985548328
0.1575990235665213
0.11876043303507966
0.054671864106188274
0.04125491154899396
0.013442322113315275
0.00716422820189739
0.03636386676738468
0.0006495730687670857
0.0024739515588386306
0.03806929180097488
0.019779786388441467
0.007874010940860026
0.0009275174851411061
0.03228074212609996
0.004806642504806847
0.09156618747721586
0.013886323959827128
0.003750704193124822
0.02587054404037029
0.010654388644589612
0.06628944312520568
0.147296615876568
0.0029247603323342693
0.02452381278108746
0.15754926045678652
0.010660366484268
0.08258359668691855
0.06191974873792531
0.016754764355474083
0.008912585486417273
0.009122072819779866
0.11649276897925076
0.005678200821529443
0.0074104703638365535
0.0020519525367799236
0.015183919683682478
0.04035238996871755
0.0034218579893942054
0.009357269596601624
0.08290619727694075
0.008278609597950437
0.02024227187805197
0.045470246583912986
0.029527692935846644
0.012177388128383223
0.01166802639363506
0.1027022144122385
0.012767446569333497
0.0019828007901468163
0.040757506558968426
0.004710210149208536
0.01922669130240936
0.00910112468955236
0.02044531862777184
0.13968195277857173
0.027464672751481123
0.011653937923539472
0.010412929511719163
0.0033469352708947347
0.006864266860346874
0.033578380615417666
0.018651512082698343
0.012553360110084373
0.003153758351240235
0.0094803842507488
0.014427582714723315
0.03432452361830259
0.0034979030509269104
0.010027520634936915
0.05561532245232622
0.11919641627575128
0.02949543074864669
0.022346942775542222
0.0028202659325251137
0.022872630117922146
0.005406032189540745
0.06691495626117708
0.024175286592924675
0.006830459506688355
0.04831841128797335
0.02336449503400256
0.03134552026810109
0.02266062568276515
0.004853461620693716
0.009648282560149506
0.06244421418098079
0.0201460148145442
0.0687863384341392
0.10201376366032149
0.028214254579476645
0.02518083114175736
0.061256205148759624
0.041726360938483496
0.03340155622670178
0.06720646940096221
0.027784637321549788
0.03285188776103221
0.006485528504113481
0.04933786153131093
0.017237554400055668
0.010925805295161696
0.015594379337520739
0.08240562420040039
0.02112566645520621
0.008291712933071458
0.004716381920849373
0.009863612767073995
0.012241736580141034
0.0009705820180312691
0.010478125592419245
0.017790445243237852
0.014670684581634967
0.007896339472391512
0.0015380563591445764
0.011828736138273975
0.018273094808517087
0.02323134911775973
0.0028357625793236506
0.011764226286461815
0.006930684518904527
0.01051886493688746
0.012876350797835502
0.005071550974244393
0.005173667609449637
0.013687730496583667
0.011845633684426052
0.008993709191339605
0.009152356379000018
0.038264596269970516
0.03581795116000406
0.026523406910600525
0.024798920628628637
0.007590812186857149
0.01883833805259789
0.013025112886925852
0.027520009841275145
0.012120824683949961
0.01627291936163717
0.032735854030899354
0.037636197933288464
0.013415484472564888
0.035079315613754415
0.01194488638200413
0.07350716718105914
0.0037597473281392427
0.018931261576168788
0.02206949497173538
0.0210920323932209
0.013423854527583259
0.00871430685284248
0.002891869799414698
0.009338254349397715
0.019195396010234105
0.07218208109191149
0.001885203927761133
0.029779416547370582
0.012866183364348508
0.08814277573533369
0.006576080321336089
0.00873866199084629
0.00783470639692569
0.09992061784441758
0.003486034146557201
0.014976996853545498
0.007719899918124531
0.04166904356939827
0.013004235564468752
0.003942496515415107
0.023306822604781105
0.0427104565559615
0.003560393418685993
0.042455324061208326
0.004270984021490911
0.001215276195926217
0.0050953868892907785
0.02178204344912174
0.010356901030903986
0.009599121641403625
0.004146862139967286
0.0005652451706639293
0.023736674475545973
0.0013026788441144771
0.015394709151598946
0.06225193457112548
0.02140555485896428
0.0021320553574958674
0.01152982468124916
0.002921236154794931
0.0012159707319632492
0.019380911398750523
0.044909278824711435
0.04446537140514781
0.07247941559499833
0.004031289758352897
0.006986494869852713
0.06536490423613218
0.00606024099258571
0.004485588603529498
0.007447540189107274
0.0370346563753714
0.010587438490380957
0.007080809933629208
0.007014697652305645
0.0385193341690405
0.008097844428383405
0.01487515934219598
0.016225663831558133
0.003208560875675804
0.0016929554858590827
0.0028313841351877687
0.04856758881749917
0.004838961639201992
0.005122511062846845
0.0015864485392415556
0.01300334525272176
0.008360863207408541
0.008861835218611079
0.06935913710882845
0.033224939651442055
0.016749532463728047
0.02338465361102632
0.013321660583493128
0.014529742464874507
0.006355241869773894
0.05433169065028869
0.005079501379311297
0.08139062493532333
0.026623798177489947
0.0132602916563537
0.010469635224420473
0.008251696252929496
0.011338945445025561
0.006406738457293088
0.0024364940434410385
0.0015011398014201953
0.014064526164206304
0.012239367482388283
0.024594403316851088
0.10544767211476082
0.024859419323138555
0.0008361828184024131
0.027475142370703906
0.014566546720787166
0.007056616888844781
0.06506004417964063
0.03111447393163927
0.01205228209123388
0.008920450660162175
0.0038619849837961437
0.021960635722925826
0.002379293315504005
0.0008948137372701788
0.003830633168491316
0.01843113165270916
0.0027240629341552004
0.002565626316625306
0.08565790330008066
0.020185443208247944
0.01135493136505592
0.004862587100505181
0.0015248928278908096
0.08867749806662635
0.0004954298391426211
0.0025516066227264382
0.005716957081252341
0.19505093106540425
0.12696598765607892
0.092076848197852
0.13350110877074708
0.14700905953779944
0.004901233422172408
0.014122905640963477
0.08689889451440132
0.06431107384254539
0.0070612519559316205
0.001813850262910082
0.0051400397614483765
0.020925316351883026
0.02479357838759233
0.00676222902061586
0.004162881747230827
0.0014457830498820423
0.011230155587720628
0.06254651507776905
0.09973599771942471
0.006064923583111107
0.007645682513991711
0.14156172374943815
0.016404051240899813
0.012873649831557012
0.010471541931570657
0.019626701464347692
0.028996484908873413
0.1230666087215061
0.15271328111168647
0.008737033751133954
0.00204252573941096
0.003910452271915548
0.12642308456024184
0.005498384424590948
0.013553037023298962
0.004975869122421686
0.0019079907125220215
0.0037542598281178844
0.006639392618866948
0.004746807466564417
0.007331032626954922
0.15021298086161125
0.010371688193207749
0.005565172819782071
0.0009098957390355811
0.15445486069684208
0.020061225671599372
0.004002132276512642
0.021644179580839643
0.022197653235530634
0.014962601457392364
0.005249921829705839
0.0032319667838751234
0.033934281020745034
0.01407328906787389
0.014494509836094809
0.004949350423212794
0.0028638844021040915
0.017198875865161358
0.019558590384055816
0.02379687193328488
0.10812530483639778
0.07041715538193691
0.07935911364087367
0.026449734891982504
0.010297232021608734
0.013839350069617493
0.03995688377863479
0.04069586149810262
0.03836903029405122
0.03425982795728923
0.04345965133182939
0.0038722697728325478
0.05693207679112025
0.13872991270005688
0.010698914981198576
0.05778236652538162
0.012599608186762963
0.008181026350519344
0.02055835270619785
0.007959961081723602
0.007460626569439793
0.01731450377559989
0.00961899035795473
0.0324204018617081
0.044948014471147685
0.03628306852991153
0.0024324248289113305
0.02890885066381591
0.011394689131832456
0.0062461385263730814
0.11619001971542425
0.05957815876954218
0.09483026737848943
0.11782858077273921
0.19805751039177355
0.004282179349042388
0.003276428599253507
0.02101994847359886
0.009169631129811805
0.04049272981262797
0.07421891944987825
0.07399205629254525
0.0009123773186113355
0.008600788792265538
0.000877292930678906
0.018633418223158216
0.0377624228618722
0.049122431833275054
0.03347748454244582
0.006779986906715652
0.1148746160162955
0.01795897957935133
0.029633794439473685
0.025503484083224153
0.015920015760289122
0.042237315606122955
0.025042877677184144
0.02320503982313969
0.002774431031218203
0.0722555641714024
0.025687668092693457
0.021011747490076418
0.006743669649866305
0.005625262245721408
0.044461675587713294
0.008393567099435692
0.0019733981642081557
0.001264334401145072
0.002236583253973714
0.015473605277509387
0.01307158819698005
0.0816263352224701
0.011318389954773314
0.03019063862593443
0.005537528432410927
0.0077968507076685905
0.001897562516257169
0.009194945079934009
0.003908482086238233
0.007857338181979208
0.0031523376497058133
0.02323730259204219
0.008862143550388855
0.010724420416431403
0.015944340951357456
0.06936261797307818
0.0024283639436799846
0.038683580176422754
0.07946707186299924
0.014852186824470946
0.04257397103662617
0.00623841379645687
0.007228268966152338
0.03567257464310462
0.0028146296724742997
0.008075950906671832
0.00222600769156456
0.04439930638566663
0.059367966548056185
0.04383380544942365
0.04076198649683875
0.008521178225356418
0.005841358984638424
0.00936762818865686
0.008928250045169785
0.09699929190256547
0.05555033728927622
0.0078962101944541
0.0029849194289220463
0.007237744996006223
0.01751424677940595
0.05976617964931968
0.00543426402099668
0.002273282786599103
0.0012515416521259937
0.013798123659164427
0.0010258922437813482
0.0033042301326544833
0.01288150095488697
0.004850248375323407
0.02137661866922244
0.056306483255034394
0.029361514767708718
0.001610761169294197
0.0031492461625164917
0.02018591458782208
0.016231996782240993
0.043111989719127775
0.0012486563926147585
0.0004459193962529548
0.006258761791969655
0.05473706335022685
0.00400833533280527
0.002231932834322678
0.0033165658956133964
0.08575862185116213
0.008189120638008494
0.018520806906697006
0.010545979351770719
0.01113935955609925
0.001862805689315973
0.02083172927384361
0.0054232057513233555
0.00126286112644519
0.01738421237016399
0.0012251797364171229
0.02530383295395695
0.051171741306896106
0.12992241340531796
0.006940264844203917
0.09337867893828378
0.01361860294976631
0.007735393654334346
0.01921935968046471
0.034211074503792425
0.03001941514727197
0.06013280244207711
0.014771540353675327
0.02698351268187989
0.01870870417810627
0.004975903169485655
0.004147434321854854
0.002256936038622205
0.0015988901987255319
0.00684177803046196
0.0010663887824411973
0.054035496814288465
0.006752645723178942
0.05545155524541625
0.015846011094774477
0.015620722992470372
0.09317563968362493
0.006024561516686088
0.025033759834552083
0.009766153746971788
0.047272405460386906
0.19094291961882248
0.0025016216657105504
0.0789224654748962
0.049727022880627435
0.010485827687884322
0.044767688424699935
0.021317165853579945
0.01227341974094153
0.06588269756418376
0.0012880968292256036
0.007386662717279207
0.0774803700307333
0.008440241019533138
0.04498079267737376
0.03314417502597015
0.03131152124279309
0.04473234002331794
0.006654929161753351
0.015078186552556744
0.012853777967216824
0.025561110589860422
0.018629225731179942
0.02102024376459631
0.0009353482561991612
0.015675215885105294
0.04529426950435655
0.010878061215127521
0.0065942701928012855
0.20216213382004625
0.12316810233264612
0.0009464819600202012
0.033985289617615135
0.0063918944020522105
0.005446341048211209
0.00806654631368673
0.0807643853125007
0.008662453257194726
0.019015186126316915
0.02121058395606239
0.0772973942043445
0.12495676184752535
0.011932178096819785
0.08737097199274202
0.015658846367226757
0.014876684102395413
0.04417695468153698
0.0036808235587646784
0.01286982080995906
0.001323001740415028
0.012301226535792803
0.003651894709408734
0.006456102403605676
0.006192389653261156
0.0057144697113118365
0.03526115200768664
0.01760338620592514
0.11720565825222384
0.06698084403600006
0.003971799252757448
0.016858234066314325
0.06282249244001335
0.06741291575338211
0.04539045293543617
0.04151447276585037
0.02408933252409849
0.02364356628669194
0.021300033504733043
0.01257168368323131
0.11117690943803421
0.02216113901287142
0.005559764581442154
0.006722694523405092
0.007985905624378283
0.02218060435146035
0.0241724621276498
0.06623699092627816
0.0353335378596786
0.004242164795981781
0.0410375686675811
0.023326779542438923
0.0207207358498246
0.06550171994632988
0.006595248291061644
0.006077136293085163
0.007786342817409101
0.014162464857488748
0.010502111860335181
0.01126131411292545
0.008192625328416487
0.032791916966033605
0.006520928406693017
0.07871019894903981
0.03295109754223
0.031456415226008054
0.009311216390433653
0.026324639151957697
0.01646111594036633
0.02591915348168895
0.00754633561375104
0.005695508142835433
0.0045372853106694045
0.004416750425802014
0.002456670147709709
0.0038684049018397632
0.006395505025428283
0.15014228334974314
0.003022777358021636
0.01007252786392316
0.0782848371567618
0.01586497466950706
0.019131283111617194
0.012716697912499686
0.005592824730854796
0.008308259198834511
0.03416844970078121
0.013209128597910923
0.024836683673716498
0.008202120922969708
0.0032467157442034617
0.014873329415436702
0.0016104563702775349
0.04041507564311098
0.04380612527032112
0.057541034397037165
0.022655722399023765
0.026960133929352478
0.03063036384301758
0.04643343037401789
0.06718239095692076
0.0602103558081909
0.019647368928511464
0.04789662382022474
0.019034296513844803
0.017737698623858034
0.0530181688199747
0.013151358489512611
0.002618021326431807
0.00831878124795246
0.05529626439555293
0.005278325479668213
0.0018522265040294636
0.0031734304049003317
0.0015601353558448489
0.0024196083985175876
0.006259792657374184
0.019105704976310135
0.009815111428209398
0.03056810396075432
0.10300513168464952
0.01718149289336667
0.011506349600010157
0.0012629363308981954
0.0017731561504767113
0.0021842241400879857
0.011981129672377513
0.0020909810663276205
0.12929567964314082
0.0038545202241062424
0.00047294972554423126
0.0014989072351859047
0.006515282634466081
0.0009645840653303237
0.009388033908763421
0.009455361280515155
0.02108613436466543
0.08879576856412515
0.015504000985952282
0.010077825808913305
0.027315862341894755
0.02368622013597825
0.05606884934265194
0.1597112986424186
0.005734764495029743
0.0009836881775111734
0.0006711459719289446
0.0047831792171499805
0.03239631380976497
0.0012547057629511604
0.005133842419174539
0.0033266358913521185
0.0024342083486237807
0.010589038618906014
0.008620564776710754
0.007567313737554719
0.011606631348123243
0.005177459586990458
0.0028717580132996967
0.004699734371664737
0.012463716322431019
0.0010847658844351305
0.007806114996831602
0.11238421338599008
0.06726980713374327
0.032940709004418534
0.021636732675141355
0.0025966160480174424
0.005383492262828214
0.0012309802526052143
0.0016976424757494566
0.010927683961302946
0.004463944681765053
0.01562217589494691
0.005643518482273826
0.0027747663934648194
0.10411767162022299
0.002295418098040522
0.013018107861695848
0.0054820892959999154
0.001065490405026998
0.01130307395886146
0.03911649109912981
0.0016204375478147048
0.002750142121421316
0.003204462159070612
0.0035756030030819077
0.007153807983939578
0.02832364704796247
0.006285464192050314
0.007822056470105624
0.0013433336360744671
0.001062461062966817
0.01877606913820215
0.018242381088782757
0.006227260849074605
0.003051360119502349
0.010203703206892487
0.006071593373109119
0.0028645238763309214
0.0035751780032494593
0.008493223156437744
0.01472330699171727
0.010006617311392846
0.004370005522799948
0.015125370049437682
0.02926629072374079
0.01161572549998611
0.04528275150998028
0.12660719451462607
0.252721004657467
0.04283093839258276
0.044565561517991785
0.00301390499555209
0.00036098271086694634
0.0024866200439789088
0.003876934563697391
0.004806664518716344
0.02084824420063298
0.0011954607649679197
0.016135983969635285
0.009619514094297456
0.01175420868154737
0.02314245013668725
0.02529235200453296
0.02039288278474172
0.06573774713445611
0.014617881325546351
0.02665774786945688
0.012114155971939003
0.10327190893326749
0.10044639793385995
0.0037940320042359793
0.006463159046704087
0.18256648594485478
0.049082423308322486
0.02016335879877332
0.02106113495954187
0.03112311988070786
0.013334038795224913
0.08257306532153964
0.013926476043841486
0.013775400858104282
0.0037574514411207807
0.06617970857239568
0.021064238360016755
0.04087642387840209
0.01191797035925188
0.009366025025963936
0.008727304104743639
0.009709835359921587
0.12211490725793284
0.010048901645406774
0.11227834797926069
0.03747778710136391
0.10326019757426906
0.018345892461977834
0.0050890608387789155
0.13900889874594327
0.0007091002811732019
0.0038017213861385965
0.0005036371873677937
0.034048542312966515
0.0010527808665536879
0.05974466167257911
0.009833254861512533
0.009159285920461734
0.004703027947891242
0.0010999598017475464
0.0029463559026382947
0.005082104927630853
0.04682484770319296
0.032214082031181056
0.013354952683338549
0.016317701744310832
0.16781515632749522
0.011251312280151598
0.01299501862787201
0.004504682788053516
0.007902907964103397
0.09271427628621963
0.05726973314778219
0.006204497933764393
0.11718969600346024
0.00228553012732506
0.016935526182681758
0.0026089533389091744
0.020270975780293816
0.016641010984637963
0.002359719895439789
0.045690919845702234
0.043951659664238356
0.004533268272887495
0.023664560281053584
0.00682891648182478
0.0034827350881379854
0.004907562461050784
0.0435002724258463
0.014651629631658605
0.011587783145321306
0.007620639525718114
0.03966823473510827
0.0076819509272460715
0.0023921505253458315
0.00525002969245283
0.008484613353402629
0.008052742496993453
0.017699930602315058
0.042937157749671544
0.009508729946398597
0.012220232152349299
0.02097530239442001
0.015531646615115018
0.05015621797650429
0.21916051524384136
0.00448326543511741
0.0049918923758856355
0.19014416922673802
0.10465550145773965
0.014433620758050653
0.010035501113430984
0.07484256041670624
0.005334042447195234
0.0021528657575470497
0.001203655815558873
0.03882543043853041
0.005402500071380656
0.0182098864684437
0.03772657694232048
0.0006997913249288811
0.00571247285679546
0.0010961283219014465
0.00676188096734926
0.001494078575905347
0.0006008023291899205
0.03519739847804714
0.003069389809053802
0.01957611962187845
0.0017959415331101583
0.02124516400816415
0.0449352926743074
0.0061877760408945845
0.009940938750820893
0.09428890071762064
0.005501498614212026
0.06305303196174984
0.024886316159164534
0.016681952843317038
0.009228212505073271
0.007842582700228638
0.02605019830253508
0.0024856981879794967
0.007919741892262704
0.006043613014738224
0.03527786140669826
0.001079937229325258
0.0018650101615128656
0.01017901910657148
0.031824965211973255
0.031514180468154
0.014131015614177912
0.00287730358103578
0.002898708415569319
0.007775224150961049
0.036353806654767895
0.03510078382063737
0.008696933917477194
0.00614067981661099
0.0018593245681135758
0.004254948449806277
0.0024141943976742886
0.009017184192191847
0.013447190020942532
0.006505582779995168
0.007362889289973599
0.0034100269048683057
0.012699165799187916
0.008116674405671079
0.0015636030779522683
0.021739425515057295
0.009909117204083323
0.0025317483596079913
0.0017007041891460232
0.002454145634159675
0.03600197387160951
0.000558315904940238
0.0021879770565918556
0.04887110559610596
0.001342239662793624
0.012909348400846928
0.0037025867763894904
0.00391548604706782
0.0032602034007102477
0.04698900704650178
0.0022790817257588663
0.0032263415748919346
0.03571499428617434
0.01262880324335447
0.003923514421929943
0.09386966467378811
0.037010041358370493
0.10597771882829059
0.0022315859987465173
0.002203003053188518
0.003231778532831818
0.0006076937305262666
0.001258775889960354
0.0030447980169197916
0.0022933549612441395
0.04912174995286913
0.009655022777060087
0.05446717220142047
0.05344768640415743
0.0008557156217042067
0.018211224173544188
0.019786625583900295
0.010629648503700786
0.0007006573766777983
0.004538165162400976
0.003412152175511284
0.008361038560952027
0.004282100420933834
0.0014447941190874013
0.0007374963268697922
0.0005252860090441127
0.0009548445508153969
0.017092449334665985
0.007657930358898055
0.0021696651465496937
0.0017663176615066594
0.0034373911758618265
0.0018740420125127712
0.036289099311240476
0.014983316201736199
0.11666095629677313
0.007508708875440134
0.012369082071677718
0.0004675857177228626
0.0010692562438592177
0.002200720030182442
0.0006867867359551589
0.0008798689795772451
0.015295907338892195
0.0017131298119643784
0.19878184618432962
0.001422222557868399
0.01317125751336857
0.008082595126271536
0.22840008944232804
0.008198023755148996
0.001072117451099105
0.0017456924488893453
0.011543873847643901
0.002416368677842515
0.0022995609762397093
0.0014786233407909262
0.04284876752491146
0.07799045586589949
0.006730855435148873
0.002564471748388536
0.0077417093918447635
0.07434179245313755
0.1263570235687974
0.1741040509512791
0.047162084749197496
0.10955952121843161
0.0036997505144088956
0.005966564718248565
0.0026999650946660336
0.0013746396171646265
0.02573743149103883
0.0034414543950823527
0.020291604185902774
0.009851447640715294
0.001905543256521686
0.01894397131178939
0.008629714155267604
0.0006783201423813195
0.0007052861327604071
0.002035710360114866
0.032522875210428084
0.006189302436330667
0.09771376071048798
0.09376487303772103
0.06285010893074279
0.016628822696432365
0.0021582918951333035
0.014942787651543396
0.0021090432162394228
0.0018013787890049573
0.0028153567326758954
0.002517103125406487
0.010059441480587366
0.02887187869547379
0.011550297009084061
0.0018448144283398267
0.04516508324628763
0.010624341858812092
0.0025593139827036373
0.013403652640971335
0.0018814444055537088
0.007524456628348282
0.011451545693846217
0.003123917862565637
0.10280071550470594
0.005618993930449664
0.0016996884067073904
0.025243307164883457
0.033090484186359466
0.0021373006132798197
0.018840222918875302
0.003981755050583311
0.0034390246395243017
0.012703833426443463
0.0052093571890741075
0.019001779394551856
0.0010246576262712694
0.001416853934459449
0.009554329057928303
0.014500224727575076
0.003336773007353381
0.04740832788321542
0.025965059859329356
0.002638979923853487
0.0027513961178385602
0.007820640773711017
0.029334858145513874
0.0076166574873824
0.0019527449195046044
0.02226980004288606
0.0024319534004826264
0.0008372112102966214
0.01610652242596465
0.023231244830111495
0.0009143178145630196
0.0035785865868959853
0.0022795686832963176
0.0015178125661568993
0.007640046153687887
0.016804982699601102
0.15594460572191216
0.005097478369834525
0.012481060869032412
0.011649398486680286
0.03707238581756982
0.003923392613777928
0.004019219511504963
0.1359573217036608
0.004746349852931057
0.003131881722264311
0.05702218666424368
0.057245020004310816
0.005911534561245567
0.01033299808217169
0.0017990956746773421
0.010415646466018969
0.0770687917078718
0.030274894372975262
0.027464472715172435
0.020793467505229334
0.001505161951723181
0.09674617030082248
0.032530598378703764
0.028162055051110108
0.006871231108527712
0.0021683323179197828
0.002311711502754325
0.028900424300940582
0.002978336556689272
0.04839229086712273
0.03537189695352417
0.03435121311852212
0.008857241222437312
0.0038412771697472325
0.020314080922084716
0.013820171036840788
0.004753584843558946
0.0039576711450797905
0.0015168869514968367
0.002972165862220637
0.008325426240087115
0.11255399731188977
0.015877397739577536
0.00489279359074909
0.1932427915200311
0.02821104561007551
0.0098123826721688
0.006662772291159823
0.03316952776265552
0.08399630126927933
0.0033909357508904604
0.009019229994634932
0.012050737106933171
0.045574339819573643
0.0024398271950522503
0.002292080078551674
0.0021605305834501176
0.0011453071475197982
0.0032998962459807866
0.002304377016345288
0.009564807802254017
0.07743938966215329
0.005416084237498901
0.005490090582467547
0.011080505785463837
0.08167626356109946
0.0006119631576400669
0.0073055585368847755
0.024200974735052973
0.07596508410571216
0.0062946209934396855
0.008377449645569445
0.018492618171808323
0.03720085064542746
0.0994496313962107
0.0038175364276968986
0.0012248638116463858
0.05731302319601061
0.02578497252628516
0.017860887608352402
0.0085572448591968
0.019375574781300704
0.0013088249006927672
0.006243918342574301
0.05962370469175948
0.06868435372285066
0.006273153928368177
0.036170648485771194
0.0056557227452957255
0.1394696187959238
0.0028105741191073344
0.006791720419231389
0.0479455057889592
0.0008837815654232844
0.024724433694264247
0.012684667657487136
0.0366251793271038
0.0053849340252909396
0.10803896578748828
0.04004722835904723
0.0041346855307169686
0.03282958493885263
0.040465463648327905
0.011139945161397326
0.0060968015023769055
0.006373160137050229
0.03615380423869882
0.0026918917070201816
0.02031695488906188
0.024064485698791892
0.018169626920408057
0.00808960861696889
0.004799904790019442
0.028203901358821865
0.004973445135383051
0.004050121203070095
0.005500228226941599
0.002313083385125036
0.0033403305324038596
0.0027085696464123252
0.023795237165332595
0.003561572437459528
0.0007309961572293588
0.023487336324427514
0.02778468454841144
0.003787307716734238
0.0026392755508969534
0.0005624465359127926
0.04426102271305039
0.014724564784717365
0.0028341669139528443
0.005423582686318897
0.012660715735193208
0.0065665680334405264
0.012333193853607592
0.0019351325010902325
0.008232787682683288
0.005325774176544433
0.004123155167547393
0.0033019930268835935
0.05981492695330628
0.2666888923819503
0.00515016138445578
0.006626137179095717
0.0344715369816553
0.0508429161983388
0.02535704841025761
0.003267468365449743
0.03225333750861247
0.000758922583644165
0.00034644788831168864
0.0017561677933815717
0.09939579802096604
0.04255891639516566
0.0979059467872193
0.01313408610173473
0.06820882881780475
0.0019296499051905966
0.007955176202373892
0.001206385248498263
0.00611205561966261
0.01473227879471836
0.0534240918242797
0.0027144952850911078
0.0004251937510525988
0.0038451076180308617
0.09233865126720124
0.004162681763352694
0.0033856165439603222
0.005156697742421696
0.003694167063803108
0.004302807740670007
0.004367493716735444
0.008213383615200307
0.0495973098561591
0.020841883261908778
0.004838762306448988
0.013365359610164352
0.014215597754885059
0.0030089079190415403
0.013195993053103471
0.010411438377611137
0.18926728034366166
0.15278856541169938
0.0004731091921484388
0.013900194817302765
0.004286134270899868
0.00943436102114016
0.044559427857377064
0.003612302204331222
0.011120978122689204
0.008022220015050327
0.008885154274865593
0.010616165252934103
0.006756457066013318
0.006359358242669605
0.005239202534822445
0.06625765947357483
0.015483024547305721
0.005008099537826783
0.04496701945716367
0.0045317603287521055
0.0036302041103553097
0.0010221338922747339
0.008163492338559383
0.007559977452573031
0.01794082104344347
0.005741833218440264
0.0034532053405374485
0.0026513269085375614
0.12715823252955757
0.009429104760511989
0.0020892270191016434
0.0028840279208148783
0.03195967611273893
0.03994144812099482
0.028441479244752484
0.07021903132969674
0.20881286554951728
0.02864681325127098
0.10474484202087729
0.023938356971439718
0.019227282386871786
0.05101213759938522
0.05496976882920665
0.002233864636795464
0.06278183714226047
0.0974191895667691
0.005356128601281429
0.011689916658325292
0.1050200523545588
0.002032845401190027
0.019494754923505792
0.007982714250840886
0.01648002219113873
0.045880683119427695
0.10840308003845846
0.090137981475558
0.16474980001559833
0.09234011675578234
0.0017777387263753339
0.016743356297913032
0.012870492071762371
0.08200411931801355
0.011904824381420686
0.01576540190660365
0.0029265419533663294
0.004276857894548666
0.0017359659079205702
0.008256677539987316
0.0030380471848607264
0.017070157838200987
0.0037485088280039217
0.021827656478530317
0.007979709166286751
0.002769356983091363
0.01523704847603495
0.0023588716912023235
0.06510058686572208
0.02333478249877791
0.0021640758462527884
0.011800481789205064
0.01563200859682853
0.01219416337508133
