error
0.08264912667290104
0.1250691067596198
0.12244121336429949
0.1815738878886771
0.1682636018744427
0.1907698308433672
0.18308878008799742
0.1732328581502448
0.06053028784211719
0.11524135821812238
0.17525209859732552
0.18856414251771614
0.18229144688680468
0.15640705173860678
0.020175149472648438
0.19427588502680207
0.1986812835194948
0.1942787998979635
0.06931756515794531
0.06872370243271615
0.20522893610758333
0.043971280348596355
0.20173515573460157
0.16080860807154687
0.19007413875229948
0.1553277119749401
0.1884075003424974
0.19501022216422917
0.17815322544563802
0.14596469683117186
0.17823495545277082
0.11071860150752605
0.18805205699827085
0.14224512281916404
0.06172306618074219
0.21575386329416146
0.11835217973091405
0.1490298029761198
0.20305893171377606
0.18496489856649742
0.18979402313513283
0.18445166435335938
0.16348972642317708
0.019742340228570313
0.14758785313715886
0.11989161352272136
0.1416203499779401
0.013863740173976562
0.17798661922657552
0.15965562260235414
0.18030543592420312
0.18241832691182813
0.17513690659501302
0.17595188128091407
0.1769812829970573
0.1702811964265807
0.13867865625670575
0.05018758101352344
0.16082842134733075
0.01198614884445573
0.050716935917677085
0.04647612453540886
0.09071502286583855
0.041272447465544274
0.0646318146946797
0.11532703031584114
0.18621021767713805
0.15347557445278384
0.14566064313309635
0.17337976949509895
0.14894164002108334
0.11886706096964322
0.13274616811033593
0.02977708928420573
0.08954029047194012
0.14820101002258593
0.15868167692216925
0.07818589189970572
0.05450908976297656
0.16789638030120835
0.11185411141271355
0.0013981179135416667
0.09076325199407032
0.08601327518377604
0.06340134188907291
0.01962882727922396
0.11570662995959113
0.07815363001954947
0.0996347282879453
0.1692600740390052
0.04656541552208073
0.11990732498348698
0.14628234341328386
0.19520783232258332
0.16179002635246875
0.19998487968575518
0.07180744506301302
0.10717613747159115
0.17224780916803648
0.2005466048349557
0.13870373244810416
0.132524292338763
0.1926863009501901
0.062037144920367195
0.11101453266223958
0.05970756680698438
0.06642698125707032
0.11320944801420052
0.10024315676715363
0.05824777115346615
0.12329760384754947
0.07655165037902865
0.19279160867519793
0.17738293479671616
0.0679684717009922
0.20779738810719792
0.0971747682766927
0.08759554527399478
0.17258417690479688
0.04976652189267448
0.07499203770683334
0.12118115491752866
0.08820678974834896
0.16813375241140627
0.06699252071714844
0.11910506676084115
0.13426623951990627
0.2195835956735677
0.05046211966188021
0.1017148801829948
0.05645099853972917
0.04638413436660416
0.03998116960894792
0.2317361832326927
0.16975613564823958
0.16835926988201824
0.08203068203170312
0.0426892712969427
0.0915723434553229
0.10340349560743489
0.19967109271796354
0.2225669070604505
0.07153980777496614
0.18595428352589846
0.21280713505425
0.2095148659290078
0.2059441786146823
0.19485486658623177
0.21011797318418748
0.2130542835640573
0.1712319411084531
0.1967621148764922
0.14124423171177342
0.14342860142835676
0.2104634504436849
0.1985101172155599
0.10977026558858594
0.14293030728978387
0.09061449890638802
0.06886994514297658
0.14539108196791145
0.11671310356979947
0.17665177220617448
0.034272879812067704
0.12230423873813022
0.113703904651875
0.10540987800565364
0.17500691080780986
0.15486653369764322
0.07962843773874739
0.16526626006095832
0.1180474626521875
0.07046785484695052
0.11652600146376822
0.07853994075744532
0.11914166457535157
0.0777448534303724
0.16540561355320052
0.15395236211765365
0.16865175279678388
0.16014605648440106
0.0999833507452995
0.18806657443356511
0.16936564830728126
0.16344065835333074
0.11999421531536197
0.12573207366611458
0.06799490312456251
0.15050334696536197
0.14460915529947654
0.15410875967625262
0.05410181897932292
0.14024010118133856
0.14765560519727602
0.037157398658643224
0.040641460854322915
0.11234874994423956
0.14618813645210418
0.1326686956626224
0.11194934695619531
0.15374860349714062
0.15742554591970054
0.06862610122748959
0.12909859128959375
0.15047561350890884
0.053355667522268224
0.10196884310160158
0.14964895871735676
0.10623320738789845
0.14514716729033073
0.10203563975376041
0.122764701270125
0.10316096422161458
0.07119782640448437
0.0879579646616875
0.06690933746532031
0.15094765470042967
0.08195108483911719
0.03700078284548177
0.04950853095696875
0.09607453719001563
0.09396931404181509
0.10309907888974479
0.03807013148413542
0.11998044654068231
0.16520328531961195
0.09524991753778124
0.0876484412653672
0.17412238326438279
0.09543581801834376
0.17829903470171093
0.16954232524993493
0.0471331751370677
0.10319590327714062
0.006288199122070313
0.014002153775083332
0.1821756020849401
0.0014429035904713538
0.14411373542707812
0.05934376819838021
0.0015684953589036451
0.05411377431142708
0.015469483610049482
0.18252423896976824
0.15668886971195314
0.046640391008304694
0.026707619675007815
0.13199135707273438
0.0373970397629427
0.011758326211260417
0.09334252805588279
0.17877913150257294
0.003938753603151042
0.09657584709629687
0.024378193477328117
0.03175402866935156
0.0022394256641510425
0.05007933640554166
0.0955369211219323
0.1923906342454271
0.044361026790875
0.04260137103951563
0.19200252626189843
0.0003919237514218747
0.0025596813502578113
0.19340796361128645
0.030076138613799475
0.0007317931496953113
0.002602476299278647
0.08099366472504428
0.015285898992489584
0.029670384338861978
0.04762626400289583
0.1688983916057292
0.012839497784937497
0.11220093256084375
0.012705847088473962
0.1035667140302526
0.013124769909221352
0.007996065325515623
0.00802121978241406
0.0854285099203047
0.047749431157578126
0.048818507276656244
0.05051741938384635
0.005043712347299482
0.05038722527522655
0.10234693361958856
0.005131040469333335
0.05308171568034115
0.06914817135992447
0.08703143740806511
0.025828732828247394
0.017973234068395832
0.044315634648903646
0.15980086022141668
0.02258785173502865
0.011825168903463542
0.16477374875483333
0.16549397893685677
0.1185056170005443
0.024117069850380205
0.008505235426252604
0.23189383076733336
0.11323514239983072
0.021653140229505208
0.054887257834739585
0.07758348149988542
0.08292370270078646
0.08779096498440364
0.12352919927300782
0.0967175171564401
0.1299989435931276
0.08869211269671355
0.14970893908129948
0.16794345444422398
0.04365311775254687
0.17657932220977082
0.022005493075299486
0.1479009754054505
0.033195639786177074
0.1540099191782422
0.04084557836738021
0.17280989157235158
0.11157296896180467
0.14708890047891407
0.029007769882460937
0.019550604393736983
0.0273727157968776
0.0718533414048151
0.02932263627719793
0.023631172668124995
0.09480382698020573
0.05524555206113541
0.03553578003122656
0.06798831698602865
0.014866683020304687
0.10154060950392187
0.1655500949408568
0.07509272628585678
0.14246393323802864
0.031873108033625
0.1728875253676927
0.17755951003796874
0.08803877069470573
0.009797820104867188
0.0009889578110494782
0.028051704315760415
0.04587524605486718
0.0013210410038802082
0.0207604742841224
0.014127631142510417
0.18765922790127343
0.17613880527186979
0.07504841431409896
0.07265733153241667
0.09120917561066928
0.06074512817173699
0.1246515062925625
0.048122576617192714
0.05992711015205207
0.006681747950669272
0.17534601116470314
0.19523266254917185
0.04048915038984375
0.009933752459546875
0.022746166073976563
0.04027290278049738
0.054477343713484366
0.01647901163530469
0.0415426838984349
0.14879046404974738
0.21272669803339583
0.1105082098136354
0.2155176933303281
0.06738831679275781
0.15265972702297395
0.18607382891165103
0.04006361304235417
0.21504423242946613
0.0644426080733203
0.08352629963213282
0.06107843260160677
1.3703782109374944e-05
0.033154099918549486
0.035974837942809895
0.08334938804684895
0.07131247427038281
0.1009650566374401
0.1461040662453021
0.09417065922002084
0.0102003900834375
0.04289612513036458
0.10044867989192448
0.10658524263454167
0.012570271223802084
0.01479994198441406
0.20578858317798435
0.19780890534189322
0.1576124315158776
0.1958884628617005
0.16382785100829947
0.08235400093430208
0.21876677991060678
0.1732674064264896
0.15934131848494013
0.11800015751895575
0.08699367645550521
0.017610242694648438
0.04557407708048437
0.10059017309825259
0.02739672724079167
0.0008237854741354159
0.0009551970802760433
0.0054281927603932285
0.012598483325562501
0.1175380513048724
0.11266170398701823
0.18007183415024478
0.15606469784719013
0.03265321726995834
0.06807823002679426
0.07398226311881771
0.03692186014217187
0.17090821192903125
0.03903327312096614
0.017045842533718752
0.00098852532417448
0.16954126977669792
0.07385749037795573
0.011294056506734373
0.028053168033374997
0.0016543797134479172
0.00284974343145052
0.013846918083033852
0.048824965581492186
0.17731807790059115
0.026063313716661457
0.06625820055295313
0.09138181372761457
0.02247404248736198
0.16483256818970313
0.14830520029204167
0.010660733153396324
0.1272148013999765
0.10882731295163112
0.04125087272541719
0.059971586548598556
0.07406802006038375
0.044896272594524146
0.032631472369137195
0.059120438800955216
0.09439919573541812
0.022104273989087955
0.013331601198399823
0.026246791563442656
0.048214056172891595
0.10902108264691844
0.018906855458516694
0.016656057311985686
0.07364139268842845
0.05609990364811238
0.04031962201198763
0.036434351634144435
0.02673485297133449
0.03872126553370093
0.01882053777354715
0.005979825920696894
0.09086737778056364
0.053316495834086736
0.03067833081897023
0.00673859415876513
0.09882501217253246
0.03790107438622241
0.012026780632047221
0.02223373870467618
0.012594535569922191
0.01186175724565085
0.0499627044033736
0.027034384976820498
0.009445518313647873
0.017123957665188778
0.2385448808498816
0.07775634650122633
0.058363077432342814
0.1457658139910736
0.037301473734132715
0.18552258296083513
0.03130371524776137
0.015104587747236003
0.055854017599446006
0.005600536165250222
0.018568631363395358
0.002951133910427962
0.05094582739947346
0.02354399854727608
0.0029836160114432206
0.013952911112382498
0.008266866580627188
0.03349826442953393
0.01712315960511882
0.02754462090933296
0.02174217653572136
0.02467136990693605
0.044464574438936456
0.01110182953789992
0.01319431960260594
0.1684972252141899
0.1606966095724387
0.08206530625618583
0.05765108928178331
0.05679008424685857
0.10569846261336614
0.0691002897528691
0.002558198269524294
0.011975911439307617
0.018783661692806278
0.2797948662437449
0.05537429065474649
0.005618916220825047
0.09225887717971076
0.0034150454510867598
0.02996143989706962
0.03238684441344352
0.05451347741465907
0.006613759732624608
0.03462566243524651
0.15254677574039266
0.13074515575764964
0.15220217639047587
0.08898977893230779
0.07301200065335396
0.03543528612682058
0.07294988330256318
0.09439958928437285
0.0006978278219089115
0.01883878780217274
0.08105667230941298
0.002141219785230302
0.0016401610814447372
0.04205088857506967
0.06295014199166715
0.013933699161366407
0.006062798597289163
0.03830616634764143
0.15526604753810427
0.06343083471601871
0.1452669271085398
0.005784028612553129
0.038166983171826714
0.007780212130153303
0.007977163195882361
0.007437063192303326
0.02424493083542673
0.004676761778756867
0.006696720381271861
0.006100660576404301
0.05960069728314437
0.00851195382210432
0.04497302572223041
0.03302045248517792
0.043151174516265815
0.07036780272792893
0.01382876051282459
0.011354431040002685
0.05130153821760153
0.05323633619788684
0.11239925657879156
0.00965899404112623
0.01818345119942535
0.010896778608857237
0.21287649158881028
0.008885188541812033
0.003035811068357061
0.02218571551232565
0.17765200878166762
0.004706815043261899
0.14757752912540498
0.06119029538042859
0.0509030759427184
0.0844105790753762
0.031664721566692394
0.013027211464794526
0.05435802245909399
0.014025199804355855
0.13476455464807852
0.06553072806991597
0.012795339063546405
0.16882300120266636
0.01866573144559525
0.01884960782523943
0.001226565585055017
0.028950741025416418
0.07350064324721671
0.02123285155405256
0.07536907315630052
0.012498714645007616
0.02133567367241751
0.13090700900976532
0.0360323728583097
0.0515398988091357
0.024869395548090784
0.07478306658947677
0.023780909598228112
0.09401066858724354
0.0008793594298299985
0.1895985604639482
0.06472070898538694
0.03048157083386462
0.0016055304008145681
0.018463282004283915
0.08481808158148248
0.036491343394494134
0.056561640932463665
0.04018572038985468
0.014448977489897595
0.005115768699893762
0.03553015791221698
0.06152162674300111
0.07256893684635268
0.13991023578410808
0.12248419975975826
0.013039231080888608
0.01380412859123249
0.058174911790040945
0.023540887404226236
0.09179484324159837
0.02615378703077138
0.09920482084332494
0.014153184447446175
0.01370291155833083
0.05494655415910104
0.0282492949208992
0.008983336522156304
0.012850577238343106
0.010991293093142047
0.017587360223787648
0.04321966784335713
0.005042147273945388
0.006960506937893934
0.032049200015186456
0.01670996536720516
0.04162218433886359
0.005392214001787858
0.012254877944614632
0.01289256830477624
0.025001925739790917
0.09833978082247663
0.01796211886399721
0.024574653781168965
0.03975795241289816
0.04774268297868279
0.008402909662850948
0.023648394643668
0.03315544826659896
0.00857947877679502
0.03186909041536667
0.007757970167020997
0.06867951087895485
0.028165158039342775
0.01391512069832016
0.04400818709980538
0.057799394388905544
0.12554353418426561
0.05370934780469575
0.18234879828810704
0.07838385316309467
0.000896953682318187
0.018401248053993208
0.01365868727788658
0.12517078706927096
0.02805803084811924
0.18471187799004854
0.18123537854820282
0.009644171760403929
0.028533617734375974
0.010640222780101962
0.048899112029375386
0.05227580614671015
0.11588256180442702
0.21715306025388867
0.0027935528074704854
0.040791060327713714
0.05555461955486287
0.10396790812774843
0.062691568216317
0.09459312405748001
0.003049138034223496
0.0024046075200460206
0.055620312490527936
0.029427810728311365
0.025168780036016858
0.007167548068713287
0.006739516508604902
0.04338877942810526
0.06028219467109113
0.09271952486654395
0.047668610574828386
0.02280228193920547
0.011764011101144778
0.010255301617917182
0.03719897896394748
0.01515382286848696
0.010158413425024689
0.013487694418242014
0.19572512670358164
0.01960927631016159
0.09509578981189566
0.006182366004578691
0.09767179095843444
0.11380775636052776
0.034801565201134955
0.01675306972517244
0.03164279582824255
0.01139093322984648
0.00835455058703634
0.015386132216215343
0.019711399370032582
0.11960537972313286
0.019089088545365708
0.0005070050553483548
0.030087745866542517
0.01696568157203783
0.03175458593544533
0.0043920909581353145
0.011526907944799861
0.033941470006536065
0.0020461068341435487
0.10984233194210508
0.004664031521826613
0.033573249532591394
0.013809224462862773
0.02894468005928234
0.0065496029838549435
0.0007356788509719421
0.06635592880324225
0.018464191640589905
0.08553171497693202
0.031763641769103665
0.010330277826620013
0.01864585830969383
0.0020871720817509194
0.14649989216313078
0.1513275455936499
0.11575098203358825
0.10149103502275769
0.07783355423650572
0.01514325880017796
0.010078783953394463
0.003315953192710001
0.0007622077444087365
0.016335111532775774
0.019511874378941762
0.006096918750590393
0.032252388320617234
0.00960965002994276
0.02702574430385507
0.057030004882772496
0.014813090479290345
0.13925147636327276
0.008343386470263139
0.017715744281156194
0.09041257091487313
0.11922784350013875
0.014162105748717286
0.027854116661736265
0.0006183863877163592
0.020429483813465776
0.007286719449692388
0.01421132930973384
0.019478188621289153
0.13673561946736584
0.018529042418574178
0.16902917079695687
0.007053634901743344
0.035783457504791547
0.11502388213012887
0.015289316356415486
0.011945808720880661
0.019599609036137396
0.1213247362676823
0.08754066964970818
0.013261928553790507
0.01384350931975896
0.026453074311541414
0.035762048369395304
0.0664946251684642
0.1005139898204608
0.13895190254962328
0.10755824379758101
0.11632960980054192
0.09190543086693648
0.06990862020282536
0.11123400293995488
0.023244195817405083
0.03649613215840306
0.009092805814052732
0.0022771820068466443
0.1173312427022073
0.22038196530418072
0.3303032942815055
0.01744023905861229
0.010096869440998591
0.045655287482073946
0.009301647041558342
0.051679457987688304
0.09577039729292625
0.10530249130468927
0.035726859157939723
0.004069934389460421
0.0016549221712716317
0.03698285348009278
0.013950780583833013
0.002725810495071075
0.020987146820739128
0.11203015051525304
0.006142974250610702
0.025731182755477172
0.008785871587633774
0.021145468156577422
0.0014822401965781723
0.04400243856032287
0.010026406887146165
0.03242543709756
0.02479165126662988
0.0025025149902921195
0.01770542599995295
0.05569174186784875
0.019630000820859417
0.005639671430358433
0.0012213392610421943
0.0068262166637677105
0.018402694199861017
0.008109448719621373
0.008815987827888795
0.0018975138059880647
0.10310704310690354
0.0042880816313127
0.01012113627542051
0.19290253291894913
0.001394629738800857
0.01204291863617229
0.0013001275724499434
0.0038246166499387173
0.0025501094138248165
0.04242696258295708
0.05841244226740989
0.022802932361708158
0.009417846269467836
0.011139663987449151
0.07594518482083118
0.020498015931942625
0.009110820388055234
0.008272023276189986
0.08449882216490628
0.07821021299820728
0.03714124065640502
0.013515830390712922
0.14353096992496786
0.0008151094385810396
0.00777314418077658
0.019314482818139248
0.011924213957415037
0.1298320291478659
0.028152105086908488
0.043855597037471945
0.06104108499947492
0.015998360844251647
0.042173778554365327
0.004700729434121137
0.018832950321757507
0.05968014266964735
0.02593237847097306
0.0024079455917811296
0.0017551200785143684
0.0013182434450549594
0.008725395907344405
0.05541356076462204
0.017563662000650192
0.015427140629238839
0.0010490955792818973
0.044393225990808416
0.010854071017454336
0.05919106486567343
0.021289500213161963
0.03683198805724127
0.054299600642124995
0.008652695529521566
0.020339004447553734
0.033462981659393175
0.07734480802327669
0.007229560111565718
0.028137420722155887
0.08621283277247573
0.10538223752777899
0.11879952446353044
0.012206359844360264
0.023470666674377267
0.08449347676209283
0.008413046130740141
0.0064534703403893515
0.07212142786924579
0.009565628107945751
0.11929303079484131
0.004007234637285699
0.014905640330650158
0.07792530007489117
0.11046093814629832
0.05348093415980285
0.02004118270722787
0.025196407350803255
0.03029462540634502
0.0010569214992613106
0.056075474088356815
0.029188528377437743
0.08994044743608098
0.012854339794618662
0.03462556797671978
0.04563659931238643
0.008900762108021891
0.04805877120359733
0.19774999994670325
0.002750849663195725
0.015173074782733801
0.017804346126389165
0.05434809584511904
0.011256873973827112
0.039092542576006126
0.07675318833189616
0.007711919968041849
0.011346075113023974
0.006144625366549088
0.05228720627960485
0.19327547749815643
0.18642586821400098
0.07902836638765581
0.08059034500511333
0.010876467455524645
0.011501317869836903
0.010316794810444566
0.01561350844193815
0.013394344631068963
0.006813657246150299
0.005874732983641645
0.035242079259637064
0.013439593687406775
0.004770640916619406
0.01099295552484049
0.028649507351595424
0.007658074587170217
0.07388964566137497
0.02877868780858443
0.058250906737621254
0.011225489536700198
0.011347732624009997
0.0063685120443787826
0.013449176627872997
0.01341142439380496
0.04142783345334561
0.06192908976013053
0.012647103724681976
0.003896092231113923
0.0071780482495036
0.006361453861921741
0.007287742290441222
0.01726591450938915
0.013074964284283607
0.015556259574262573
0.002520918080031727
0.008863868553645298
0.0017777336307227738
0.0025505641855727
0.00858878184983398
0.012891632328448437
0.03252197343979648
0.02207683139099209
0.00901901592491899
0.030815221834827957
0.015705657974696256
0.04155513888185059
0.01593157567786911
0.004344157952476915
0.0013406093103847836
0.012856786508937783
0.02515569568332357
0.0302917903646637
0.011334448903462115
0.0016040806453008398
0.007212504595294884
0.002442663261023901
0.005951693549729033
0.029762402072365943
0.02435166436173211
0.005771208640200232
0.021908354436313657
0.022869217802475302
0.008801409806847403
0.0015067048316966646
0.00480189871210905
0.07602194518935543
0.008013217099741983
0.030223614287039093
0.013685892309744698
0.10779768608980678
0.009488294957005901
0.008772018490035704
0.022715353336137386
0.009834546009065064
0.010387051075894537
0.017966223945935667
0.026362779093415074
0.0042292592950091985
0.014646726172935803
0.004589401458766404
0.0024914022676590566
0.015018146270951131
0.009325369709232097
0.004644288224426787
0.004350550987900559
0.018814584506930337
0.06787688550886398
0.14546968222655773
0.011247229132500014
0.0008109486802538703
0.028121650598621154
0.011624728538920681
0.018055580733727844
0.006252923560349531
0.019804735354623546
0.004364474710321069
0.0042401439088643805
0.00958073284354614
0.001636971463774176
0.003259603852634595
0.004149907585464241
0.007421288464780133
0.07398885888997438
0.026543485655891222
0.05217051729115623
0.02667873635997281
0.018821524237394607
0.11263259559002566
0.0057935425060384295
0.00941641294851553
0.01654574176527235
0.0205014163968751
0.00193280573603797
0.012557597275527443
0.018148614620244266
0.010245268103533735
0.007459949049640734
0.043953770270491695
0.007170645183901265
0.0050181196904222755
0.014604193676236055
0.011705234059957463
0.010560670852493492
0.005405983953321116
0.020755300799355038
0.04904621689773625
0.05422355192672912
0.011315909065340265
0.0377868664258856
0.1108313955434052
0.053593442880691955
0.0045507494276672816
0.08086976004552025
0.010960725615860195
0.00241684779539453
0.02202398024867473
0.01550186399455263
0.003866056576852822
0.18471948191628282
0.02363352947007204
0.02489944568511741
0.0387802003735083
0.0035018265830999516
0.0015184921917520574
0.060749165865728955
0.07004380135146732
0.03858823735716944
0.07233153542312466
0.03596774332686111
0.022702276670012036
0.029903923035110132
0.07199003478974063
0.09127849408803852
0.03637172159453728
0.0571713355935283
0.009756909585170268
0.06248159371221279
0.03193656851394454
0.005121129282837379
0.01316553746327203
0.011588066315798043
0.011246402300432765
0.0026973527168889966
0.0023915072375728552
0.01126186614513962
0.13723169602604868
0.0035339679717157333
0.041204644341083015
0.009213074828112662
0.011345876817844781
0.003644005620435511
0.0023326395047562915
0.005983659042394123
0.0021385685311051898
0.005692028237439507
0.013386258965422122
0.1483061997173736
0.16978035470086147
0.06841190693745511
0.15248870501647208
0.00970178234614565
0.0069141490020489275
0.05095421037222172
0.008375057545505169
0.007034204539095757
0.005735921066994513
0.05635984762544532
0.00043771237732364177
0.0010423693499805535
0.10827042667117769
0.13757310936471376
0.012251054508874972
0.12075818891368677
0.006855583130614182
0.0020215309487729882
0.031041901001281805
0.015047920681421504
0.13686265282950275
0.11611055554619237
0.013532518706802858
0.01672241370991651
0.014551147057814524
0.1176267257038023
0.055065756841767115
0.1143814268907723
0.05610686194231884
0.06388356601973977
0.039744347317176146
0.002358249475587285
0.028954227562348903
0.0006261724949423958
0.012495655476191863
0.03144950398538946
0.07914315658741879
0.010001007945226126
0.02238048882252695
0.009320776596014161
0.1246362618015245
0.003951918420405244
0.0070704633962400286
0.003025813678297741
0.01808812561788238
0.073539976968256
0.11714356210695838
0.02065750464287464
0.008286265457884204
0.09284938863822405
0.013357035230627362
0.038686295355797526
0.04273662342225187
0.019541896886084594
0.011241766251504921
0.0932495298608703
0.010396708580876731
0.012993560299147824
0.006504834437587716
0.05611829039408824
0.0004859312543436685
0.08415231075274443
0.006466087795966806
0.017553917078216404
0.04430553278997701
0.007891783224449542
0.07551242641131395
0.11624005293640055
0.028533934828274713
0.06345717219915926
0.015522235104974682
0.013118377342226964
0.02405701865894323
0.2287888811006914
0.016360349868964435
0.03812229834771975
0.035565623492873635
0.005568598977661159
0.025948339158964388
0.005972423434605123
0.04207861705758358
0.023211993064218648
0.13918488491708478
0.044722577932469344
0.05003831633307077
0.02179922460290602
0.037755770612057385
0.016722914361734665
0.010033475158066213
0.019809926610410693
0.0036115257850730543
0.022159113453933694
0.00236860033127083
0.011067541168533236
0.13011330301392773
0.016853210655155697
0.01873851223393431
0.06691133485967182
0.008363435610415868
0.025925367524397114
0.021143394793056828
0.0014423120506007843
0.02694582817341577
0.055548834771624554
0.022146168411383244
0.0749317892771277
0.02588396898753061
0.11847704396470293
0.031648005562991584
0.11325518678932407
0.0394883349276312
0.010987569737846252
0.011930544036283776
0.012286398324278374
0.020369172735972916
0.18352355936789308
0.03786006086337981
0.0221794102233472
0.017607186689134937
0.0332176466169864
0.030912199204395654
0.009018202868119671
0.012433016699770517
0.005280022261014248
0.09748219637205759
0.012653171708906674
0.012348358452007846
0.008015282174232344
0.010043109500432466
0.10910583569091993
0.0158665325771539
0.014127228156247939
0.009131990008047038
0.02025641803868417
0.04925698327384418
0.03171332619748097
0.01868583891414825
0.007988570268823384
0.015024714983719331
0.0875607388725997
0.02419703297636208
0.006780686906825214
0.044533410579373246
0.030716834171361035
0.003943047099886928
0.08446365621671788
0.07189703415939373
0.036474084784821045
0.08132601347861743
0.018184959206508724
0.009776417203728743
0.004843613846764231
0.0072404318800137766
0.0600910313536461
0.02176051440642596
0.016660319127754585
0.01211972616804001
0.014306991405817718
0.03330485181328996
0.0008670020699168183
0.008494222473267367
0.027110044212333446
0.06523334774723782
0.003941672481252835
0.009023946932624143
0.050195301741271424
0.010388221713568771
0.03929456555600765
0.13875506495279186
0.006776895476388639
0.07134305071725915
0.025131013914334328
0.005089250673340235
0.10749031164092376
0.02700957502440172
0.005155711156302384
0.022887076871866894
0.04473056136335601
0.05348252135209164
0.0231841733954468
0.01239076427217418
0.00877706666337469
0.01019659555777468
0.00954376252519337
0.011566864968476283
0.036904368122135066
0.014443649048291492
0.002019577820561842
0.0010877411325930545
0.01963985680508505
0.013261047841620209
0.0171240688780295
0.022226138194509634
0.13190842332322808
0.0014533990442396668
0.02896413216860751
0.020673946960270292
0.005235259845261708
0.013127612338372258
0.007988578252189255
0.01992165742008045
0.004352160008778443
0.04842380155767612
0.0342999440870512
0.008060768095351159
0.0043492156955087105
0.04046138936123155
0.01582468804883171
0.037749415409772315
0.00174252820814297
0.0008082948104854225
0.011768659521260806
0.023092086618977502
0.013391480612350766
0.05806648474283823
0.012083571939663536
0.017720031244633342
0.011079620990957778
0.022957606984743074
0.012483281831172829
0.012829817631412157
0.05594797846847822
0.008355959234086488
0.028309061988587337
0.07926629769813096
0.005723924236500929
0.02672219224040748
0.053815726246223744
0.0020398651418721027
0.005672112933013952
0.0011179481402506504
0.0049514960575794366
0.00537044538547906
0.0027884632005578344
0.009337569777911624
0.0014411266419059956
0.10230203495642966
0.005889782712090502
0.0068817920883938915
0.14341974539019706
0.11150727152130491
0.0068436170226969725
0.015098432222913905
0.02026928578737822
0.014194562899605148
0.04587833050496584
0.010768194594887362
0.15653624511486777
0.0692997440011225
0.02370472450476306
0.01048415844738713
0.06338396240713376
0.025168802193242187
0.011370925898334784
0.009340896258920156
0.012337254301439489
0.011824004367176717
0.07961557873137778
0.009429828332910306
0.010831393640315753
0.006425036567915228
0.006432939410078904
0.0070363605272751074
0.0021864594391473617
0.010315831811754614
0.0134214733321144
0.012737181687538658
0.021352034823347712
0.04998467101355116
0.029937224119770203
0.03005727414960374
0.06879214666899347
0.023659847303885234
0.01582225364935107
0.007158083655269099
0.01718782174646305
0.045382798227580845
0.017920062974300457
0.005903115912558955
0.04078070384273131
0.02828867597975018
0.004489202747555728
0.002740880464909893
0.06588635535162524
0.018352860715659718
0.019856214840747167
0.008606552771829699
0.01658388241987913
0.008671740318981996
0.011782293473122265
0.008676572892688124
0.009773139298145753
0.003494073906398911
0.0068200231066433935
0.010875226448509865
0.006070595254624177
0.0007814821826523433
0.057331877551152106
0.0026425184861137417
0.07540067830902915
0.018827358123532242
0.01866114734927098
0.1783846430700182
0.0028727320732692026
0.011889831444228132
0.013680940205559466
0.00953827498873989
0.013869069369941096
0.0024828847328819434
0.004415395168518236
0.003732358553703691
0.0027305449454053787
0.0123408897153306
0.08138990128182394
0.03130766877675734
0.012950122156198696
0.013359398897446929
0.017588064658340136
0.0082518105334435
0.0026225064158672713
0.012602590632650372
0.09149130803860417
0.005891861465464184
0.020996191113615215
0.012442157110202079
0.00431132316567837
0.02615143591387202
0.012214321055321721
0.01690158028003966
0.009930054912070186
0.006490258521361002
0.0070021652936716515
0.05621418606261591
0.0039166272547061735
0.1278374319356701
0.0989768504090811
0.11984744094628201
0.05095234426371484
0.010929027828808427
0.020583188508792465
0.013537277253368929
0.009335815425877518
0.011915828022082414
0.0216287647544287
0.00216781187870924
0.014925154301069603
0.013974502351921117
0.10256930661432939
0.0380344373210971
0.0061346400454612
0.0015279699845078308
0.004840723096969534
0.0202428636983608
0.023295346846058704
0.009731225148015393
0.012438400725638723
0.013699941786207669
0.004492140350115022
0.008937574437261874
0.009072885007915215
0.05006303006712956
0.01759737824104476
0.015886996536036865
0.008033619774884888
0.005150779498769703
0.038311009692112284
0.010754591696959304
0.0118679011373998
0.004570466680139384
0.025223307186726596
0.07694548729586907
0.036041599016664816
0.012156008739564987
0.008568267971099192
0.006634762420249889
0.01052889214765354
0.0024712721829951182
0.001159824679502351
0.0023013766159941506
0.0062739307806744735
0.04123474558529955
0.00741538393399467
0.01661050516252766
0.06669872251824051
0.03593553373075704
0.0276028233279918
0.020249968430303408
0.02440421054632942
0.16573472222010402
0.08680535001336154
0.07307923593248841
0.008751148881274403
0.013174767939206427
0.057099085572554255
0.006409886024293001
0.053970582534295236
0.0029053657979785062
0.013293332824235969
0.010394776549335063
0.009898741323661695
0.04537554868671745
0.1950401990995907
0.00710078473305568
0.042122186990034644
0.00896742856237827
0.10050856901279794
0.009446424914400226
0.045673268723815226
0.14846942759397727
0.003279191045944213
0.11282572889162894
0.027506986124022026
0.010145615941807145
0.00848361931440716
0.05622530613306272
0.020452403170089038
0.010211091991574238
0.09679275910112962
0.004974236060860198
0.00485988575554826
0.019005641766961307
0.015031424938946677
0.07192486667710309
0.008039655991003581
0.040119299587581723
0.007971995245161059
0.017901529151282288
0.01406794173807066
0.04063221316498335
0.006179738175096997
0.029498929810211957
0.11609947721784482
0.029283929075380796
0.03868399917477928
0.0544603588376508
0.05312391798820424
0.06515151143923385
0.008361360700724456
0.01888287422204345
0.04488512740959288
0.04674099932126103
0.03921102959479495
0.020467356160789037
0.01992059085694635
0.006900492208584686
0.07340714607396011
0.006692624844584335
0.012383946911838806
0.05236790721970449
0.005788954129450561
0.010816133770240694
0.004772486247112297
0.006852799033376866
0.1062797514016159
0.006376529110960999
0.03321336018757456
0.011880619528533339
0.03676238073205829
0.009686744530816579
0.022564894388889065
0.024575981057563843
0.05867532150350724
0.06869810540517639
0.015562372180302729
0.020879125708290577
0.010061992269646743
0.04350880060761627
0.015928094476059383
0.008155457516718003
0.020451782271508873
0.027706549930696142
0.039051630709475996
0.016913509297773386
0.04298477116003841
0.0034930133291062927
0.0034572400308544447
0.09065173196864444
0.013780239626425115
0.008699374961600666
0.0031925320144298806
0.011705607342701351
0.004982588838669169
0.06790653758007811
0.04264422608638371
0.005607160781004695
0.008203071132724738
0.0030093577063710296
0.049638587572853166
0.03354807767403274
0.020438378190502746
0.004440173359488333
0.006155383509555781
0.001918136744079088
0.04707252416178675
0.0708457679938982
0.006468152016172123
0.0015213196916226389
0.06887101633990673
0.07902484429860229
0.047019428865744166
0.01863866674507225
0.036900044502906876
0.015122069888954344
0.020580086088007873
0.008306364532998347
0.03817158512875834
0.013913822487245875
0.025766303308521827
0.01893889184343612
0.020955477598841407
0.011882845708850039
0.0073143076589419105
0.16953463682506784
0.04673875001142697
0.034002280811409276
0.05705074938655059
0.030735117186103073
0.022945280484123073
0.04161081798018643
0.006193611287937983
0.00874394842699559
0.009760377737802486
0.011976633563081077
0.060124866501258256
0.015457846547777548
0.014480471500321813
0.002705861976712477
0.036947450091100786
0.003938916013700519
0.03410792872481159
0.030851497536846764
0.015082673550809007
0.09279479854357363
0.02577828307325411
0.025958866596669686
0.01318958230834146
0.017592953973144327
0.07015198037144489
0.04856997972578809
0.013969565412897643
0.015013828796177422
0.0016743623513094535
0.03349608335674536
0.17006059520021422
0.03305912507789905
0.030332214530832163
0.07966523846264727
0.13392952592341215
0.02292184971388676
0.16356368707478952
0.05237063526115269
0.015036399139889392
0.006861668197159926
0.009678735072795236
0.0031037629291415427
0.006006727895006968
0.0029955280797917734
0.005850647027825389
0.07343015478781294
0.0257164955267189
0.006668781308547557
0.0030508025070313787
0.00662497092155549
0.005194040234377307
0.061576216214098735
0.013077762764187734
0.006767130224510487
0.023750606569263494
0.005482456518595854
0.0008462321514822801
0.02188454304658136
0.059843563593263975
0.049131726495431856
0.15839169270978798
0.002511057144681593
0.004451936057049846
0.026556701377052322
0.0012156967463892389
0.00533009892907461
0.01824382435782323
0.021708285349933642
0.02434595045855172
0.0243736557141513
0.025545083852237003
0.007094811331310561
0.010428980793374338
0.08620814461668792
0.00205376015612299
0.00680511667358814
0.003833100042536356
0.0033556997346586314
0.06325109651127532
0.03778706061701232
0.014080610362173111
0.0021472653301105064
0.0009074590004768565
0.0073438659032038535
0.10053021878963221
0.09586836152342605
0.02392950377088228
0.00743445276423186
0.07324430669708148
0.03411081227802712
0.004184847288173176
0.012930459994264343
0.043494069544547716
0.005615250243404639
0.09761087430176389
0.018390755288457794
0.020796718790569206
0.011178415904806107
0.010230508855578767
0.007394078569038797
0.02289892470338037
0.07391284539510376
0.038812415719819436
0.01726787968906077
0.09886376972870359
0.010429311146776745
0.000714634444607034
0.0026741832245317197
0.09225086872481407
0.05462987690017726
0.07676004485547389
0.005550971678565473
0.007424506065911299
0.05415757863213231
0.01589015992820375
0.009540561534644637
0.0659382387249924
0.0052206127331196695
0.08666674703917576
0.00606879753064244
0.019853260706034843
0.1260436066321435
0.0072404652443091135
0.00727758896679696
0.05785513626756842
0.0182546551305881
0.016426929326935253
0.03833373765087188
0.07866693247652652
0.011144568018480419
0.06951565800249875
0.004517277415100921
0.012759767331366396
0.004415042823184018
0.0036122861320315985
0.07231604517726746
0.0625666280321399
0.1782408975234844
0.024263990011745368
0.016120677235746207
0.080306177340582
0.008610231097204555
0.009864367242410634
0.01749947931741051
0.015771698954380506
0.014344115911768094
0.014421959922223372
0.01141199618336851
0.003180381481431424
0.09781834656570328
0.01102100724462273
0.00518180636004022
0.08453018910664369
0.035962038846510475
0.23138688861030723
0.02674017297879752
0.01931459671249768
0.005393139917967678
0.014545207630163768
0.002266033979230469
0.014187973381567057
0.01527406970949008
0.014278488701743726
0.08308650978405141
0.005257391302950527
0.025208423724302945
0.01102688259979963
0.006282111352451017
0.08308799776591178
0.20295477169660758
0.0049664701298960745
0.010435197775557953
0.054762764742821594
0.008302674246755012
0.008344342618897134
0.005173078356246147
0.001589092211988312
0.004981213963503004
0.0043577368229579085
0.0050155711547996
0.015861711680362326
0.028050591363948375
0.002868627668066635
0.015860430025238483
0.004544468999142503
0.012558324186879794
0.0490697848541937
0.08725350991262266
0.01962837018935285
0.01801252164702165
0.024637541149594034
0.01693236378601699
0.0504625179737808
0.08167686724440106
0.02949607719538656
0.016785803795679097
0.04539368748908828
0.02899642414207682
0.011169536069975427
0.005883559519059288
0.013930845315299858
0.05933230881809662
0.022675744131508455
0.07165270247633544
0.08675367921599357
0.03524813472920078
0.001840478176491256
0.046039028655626264
0.031786594670106985
0.11389755847667309
0.055557020363436765
0.0719074086913895
0.05109279787282293
0.004673347481309241
0.009406170947134604
0.04477470467303677
0.011363383534098026
0.00042104495494774347
0.023689527086054814
0.04511935223393048
0.0031814520038385714
0.004057415254328234
0.024932605724096227
0.002470337831618549
0.06922213142113066
0.02487094051387884
0.00690470812869528
0.004338724936815735
0.09340047537569694
0.0031469244882136927
0.015584777123514195
0.003182851018099198
0.0023653043584162415
0.016805880320966783
0.008492384028774337
0.00047937550508222326
0.023402178547859653
0.005424278345408615
0.006578538442241789
0.047289974724279316
0.006019728472011605
0.03796347466860018
0.02347729600944568
0.05076410452415992
0.011238422169796444
0.006280561500134026
0.0042723060467880795
0.003714736710917066
0.0025672032047640175
0.010001873372504324
0.03399790972604583
0.011299322633450104
0.019896504364685593
0.02471757242537935
0.016100047949681635
0.04696143344746371
0.004520746847628984
0.015094014143302572
0.010604044876338772
0.019732340101270684
0.0104140583847358
0.027776648297013654
0.021036472841776763
0.012471790525209263
0.025232306712763594
0.020595500130768715
0.016009607553468776
0.0829155178832161
0.024638582838011513
0.004437378495840519
0.020660460214341723
0.005663475399802307
0.030873523904541466
0.01012438660475616
0.0326305938052883
0.04045684025283169
0.024550059029012614
0.02380223981909969
0.012970518751614256
0.004826313082960668
0.021155399849179243
0.006826097261698225
0.009161852123607045
0.0068270719495676325
0.0041605207981974405
0.005522253024356377
0.014484992723211645
0.010514374144666577
0.005724230511765728
0.027643180284666797
0.02103718717859088
0.01636053045958477
0.008587388024743538
0.017696383893340897
0.010330038619255183
0.010230482600955807
0.016654071692843834
0.004654841815577772
0.006916041647372976
0.013363058319707645
0.006076507113571832
0.005529668472307215
0.006055394636773202
0.010857718941699636
0.01830658125380909
0.003963050827860155
0.02579899584901084
0.015178601962082948
0.02565957462081829
0.009233270048796566
0.005194486898030661
0.0035635370996579545
0.0021049185793709027
0.005233609207323204
0.02232029406981764
0.007135546977569406
0.002563354821102384
0.00144918416771472
0.004321710950718766
0.003785511447865108
0.043170934103551835
0.010726154093585382
0.08723225380979284
0.023105527452661364
0.04198678376402109
0.15287143757361205
0.09752528865475123
0.00861474171007247
0.005273069415570525
0.0038645536731081545
0.013338641446487354
0.007534105690975891
0.023638186800898534
0.0012598469345039226
0.0015568821274342473
0.004279659628746771
0.0007771368853790277
0.0020929531470366357
0.07104584959921788
0.0713029396000614
0.0039745015305331964
0.011901613967488936
0.10654538478488497
0.026357961378371087
0.08984286809793156
0.0241677729822785
0.2061046369831054
0.007602326517349169
0.06587660791073881
0.008730718126364145
0.002689359223150095
0.060766716685969
0.08082706364205162
0.007326497316060596
0.009088861600991253
0.0036305257921005907
0.014807134574724809
0.004095650449609103
0.018054565343134422
0.014938378818955668
0.00822393948700836
0.1552382562066457
0.013635102159877085
0.021527507826588608
0.008706739123678172
0.01799559564702938
0.009310908519622326
0.10957599211282583
0.03520773954236827
0.01982796119690099
0.01840258596232746
0.057697287986645564
0.06082389542005589
0.05869120811758907
0.054312374393383926
0.06976854360801257
0.04277459616985447
0.07990121537254379
0.024156468067356093
0.0074995713691890405
0.06306805166776443
0.0035929031268678007
0.0118139078786004
0.10047006251028406
0.019143099952781014
0.006985176409921307
0.02893425569206703
0.01251178819374533
0.07780511228356468
0.007846575768350796
0.00815467163611189
0.010388702612717194
0.03458041055908172
0.005529102748874553
0.0060146706395961674
0.003899987960995131
0.02069556724500609
0.008354309284745782
0.03802826063744313
0.03726335630348675
0.01531869419596532
0.029077348686832982
0.011422753841619795
0.023419163078925262
0.0052252441642555185
0.02556270379558587
0.013301044913431996
0.0035713010474448283
0.040216274760183884
0.028972044755291127
0.0013535518179557799
0.013925147103029568
0.01217339936262586
0.03666580411005694
0.03653581469864956
0.015606010148823036
0.004982762326894065
0.0015242143313535168
0.014225231833900476
0.005019572081990088
0.045326467462410626
0.027436375357668404
0.00784935996365851
0.011215592670787776
0.031205561037229847
0.04527948831894917
0.02335737984427121
0.009406565837836474
0.017438856347498467
0.009298972290303473
0.14979995656876535
0.010135273754656903
0.003168763941615945
0.009718023810494551
0.0036741910697695532
0.003196452970908732
0.02289433711809176
0.007891087638043732
0.013526861856847426
0.00413771861577035
0.037093926783324606
0.00907234482484392
0.012148587999587434
0.033116721311547095
0.024831269018826804
0.020698107976991013
0.05062006496784043
0.08950277937269678
0.04567244532289797
0.009501738353090873
0.0831134217620519
0.00877980779287278
0.003467550280322304
0.01288386956058754
0.08745237113658964
0.010976842771288626
0.01816160046429079
0.012597749772400904
0.1826272006784422
0.005027479907435274
0.013168455718834945
0.0026993890476683705
0.052994463986738204
0.0019091469127343614
0.01148532972887537
0.04849781531002404
0.02365874686995895
0.014714732882293255
0.012418028444221645
0.009293915201958212
0.006221532860825774
0.005299287100235661
0.004949601678377973
0.0018303280382557824
0.033849828904571354
0.05430835904302552
0.019272259241785557
0.010335158328393487
0.02383576574368423
0.17586349918507538
0.008520023575934526
0.00598252974303377
0.005525349199348266
0.0020247026864264263
0.044758965638073994
0.082007133396765
0.007778059320960126
0.11729576303648608
0.03415426605692215
0.24451325279501288
0.17280160231093566
0.01776829985387889
0.008186533846697295
0.008625406470924756
0.0108075326294683
0.019570811164839885
0.015796563892529224
0.016922364417667538
0.023411978649667976
0.010877777862424609
0.010983886100070492
0.11112915115381365
0.15602598820076377
0.016908920324058954
0.005029983508558517
0.017010365012957673
0.017760167062809647
0.03599669278407989
0.015687319598048557
0.010947811325941276
0.030557768948568414
0.008932687044596746
0.0234464504013651
0.024090629721965056
0.01753908686224303
0.006796830474586162
0.0010719130565814425
0.003523868115514478
0.003927644582097541
0.017714903398745565
0.024104131947631783
0.0017216461630706417
0.011876632262453543
0.006153706123833413
0.005530274536114199
0.005043366463128734
0.004351848820136696
0.0204100378870534
0.0018102243614773873
0.0027794510994200283
0.0018495306811283614
0.003007165105677356
0.03340573656711798
0.056975713874629186
0.03998436009999148
0.019944874247153594
0.005990757054628559
0.0032355225687281234
0.00351536149054785
0.013093900262888952
0.033566449759314686
0.06277584350047215
0.031059095186361182
0.008162083718762371
0.020256918851324395
0.006739573226229416
0.0051645826435785715
0.05833986004331706
0.012701048485788416
0.0047899395260592005
0.004755188399570633
0.001239877213942328
0.0014494501281998307
0.014700871904396064
0.02770782251200918
0.010337755109396307
0.02805806105035867
0.026615930483034175
0.006834962376897746
0.03207312338549758
0.02531275607807462
0.043385532376150275
0.022304330630234015
0.005925117987896372
0.04761826343947715
0.01273086273964357
0.009107798079818043
0.0022626599791919417
0.0015970552320322955
0.09840775916580095
0.014077543584356653
0.008410212470325256
0.012040383259289418
0.01279176712963002
0.06721487739630667
0.06558595675998094
0.01129464620775236
0.031161196498212796
0.01968340698435595
0.002681706023618838
0.01496229861866207
0.01332588030892825
0.006717227749855294
0.008196109963572874
0.061941507831491556
0.008769438222588159
0.005866400012072312
0.021085690101329227
0.06180338213541886
0.12172993651554204
0.04553099938446017
0.004624157796006984
0.012895266687472944
0.01975798741829347
0.05579768516300496
0.0029365628272155775
0.012047869621161049
0.008741639348898106
0.0388493606860111
0.013807808309518088
0.016840673385880585
0.014542505484603716
0.005332366557888303
0.005545656429885426
0.0035623961405535243
0.026988208227927107
0.011515577151250475
0.1471720021628927
0.013713556027218922
0.026088714647224717
0.0047150104952364885
0.004170139198726053
0.0033413599530661754
0.0023476677787435175
0.05701916835399415
0.0676137052810918
0.023760705680231684
0.008489300009238391
0.04937143109959655
0.0027027866292925824
0.00396884496904195
0.002535450177475188
0.004249440168643671
0.00201449869881457
0.08732073855427809
0.006402637296809722
0.003724998029199353
0.004251405242628947
0.03733590462154691
0.052214570819223205
0.12304931839184485
0.00021677879391180128
0.00639533310511197
0.014446212527108891
0.012193234456043705
0.01126116224529459
0.1155185584834772
0.01003380416875314
0.08068326248196843
0.0033201592875081124
0.0022875150153764154
0.014128400773028143
0.008542224108291524
0.011020958921908313
0.011204460594622016
0.008974890785327257
0.0015136818967344135
0.005397595994421085
0.11595686222140818
0.0013773767617508339
0.006608151909306075
0.07788407990263217
0.019762483501321804
0.03658673801411249
0.0028268462175603335
0.017919105880149864
0.006385159225389789
0.001241980957431378
0.004854476988886859
0.10908585047139702
0.011796447450252203
0.002097763795774185
0.0032510240063389124
0.002456403998660536
0.007357007429073473
0.0041601699672637995
0.0006957457555534606
0.027342316434721018
0.007784396582126991
0.004449178786575484
0.007365304235378172
0.013778649885376049
0.022563318872876926
0.03298179400482976
0.007324707626103544
0.0190969093331267
0.013593758243087244
0.0017016779686994338
0.02306425020918426
0.018244646348359105
0.005376576388656354
0.013163437712435352
0.1466166589263884
0.03612236864746018
0.02294897992325588
0.011037933045549652
0.021915794620166632
0.01741808305017004
0.02204710552644419
0.07288632694141413
0.003231907191011081
0.006618655718824157
0.034208624133624785
0.0028952058962181284
0.009101174257139999
0.04662058784704575
0.07159685891644628
0.023881384230873836
0.1309429468198852
0.013543603495883202
0.0024488815870625526
0.01602354219425602
0.00199617830210001
0.05882715996191862
0.02311682112763398
0.02110316140565596
0.011192911596598742
0.03565340733195165
0.01772411358105302
0.026107906690375483
0.015499888425618643
0.002900465900555324
0.007080488283564501
0.06500572211244732
0.02042496033560508
0.046013383804719775
0.08542902836719372
0.0226609761132892
0.017141005722688698
0.058972338850724414
0.018620207223034774
0.04929191182337766
0.023864978099442078
0.2831337534140423
0.03460697879934562
0.018569346693151013
0.11350253096925957
0.010870837613531975
0.03743839650420527
0.0056313712992832774
0.03257798780042525
0.016573783395842336
0.0020102579647513683
0.014201697158840903
0.054413166759234494
0.033644564707568665
0.0048750635227025425
0.0031211409905330927
0.006340271867551474
0.009710316824583735
0.0037056071345800243
0.018685030937169878
0.016407321093013325
0.018203880005100637
0.014676496985008112
0.012806639393203173
0.011858658530509691
0.014839122328534972
0.01787103013791819
0.0021570498346150844
0.009979945704060118
0.00908728341040422
0.010098753322049745
0.003763543270295978
0.004574624573088263
0.0035105305266122763
0.00919452100370109
0.009842762043499407
0.008170204923202423
0.0031970947814750936
0.03750070226553177
0.037821894797089216
0.019619654326728644
0.013233081623580653
0.012766271668035125
0.019948150639952835
0.011124925264908561
0.01686234619020074
0.02479599872993839
0.006604456612209053
0.012755299561686815
0.024557583044449858
0.032295383223158565
0.008520789293927133
0.004652992345139878
0.017221801261368963
0.01409660561209901
0.011847659977158082
0.008725774758446356
0.006469495866484498
0.06380031144224099
0.003966310649270863
0.006974677936265828
0.01621883552517494
0.045552263359236234
0.0004090520714250428
0.017516168051211183
0.008810807919107785
0.009022302477602622
0.024918287026303384
0.11597276605108237
0.0065787954493836094
0.009487709614293106
0.004272906671009038
0.12600993796885526
0.0038726238237022288
0.010550161973997186
0.010837987305828342
0.02569460247808171
0.05767958589487837
0.01001510440802357
0.00699533448834619
0.01926499211609362
0.028059245094856546
0.0035764878542363173
0.026744930951103526
0.004988432991132185
0.0057775536499460114
0.0026815148662775574
0.010616077960789644
0.011096567875055295
0.014909297537239739
0.005911229118531656
0.005119820052236907
0.001739743195792915
0.022095855816085308
0.002962630518113875
0.017525139287447044
0.00494929152118008
0.04003469967292725
0.016274377079408556
0.0018212686954228949
0.006113950884958755
0.004779703949547629
0.006223276064696067
0.015324409569315205
0.04218528059452656
0.029487414472642134
0.03864909649336563
0.0034529184338247536
0.005320970192631909
0.051648739531373083
0.004293073343124576
0.07698146564123676
0.004524426129618582
0.0053691737512322445
0.01873256944153509
0.002862058653856938
0.011738636665158874
0.02013442206519603
0.008276018937672441
0.005894405312456241
0.032933836461563955
0.01678603600807153
0.020902309675802578
0.016334958481718023
0.0018019614768517442
0.003690579943963586
0.0016713203742844604
0.04545455817632415
0.0043604687734727305
0.010676853195490976
0.002869341609135318
0.014055365467459684
0.004693407642093111
0.007246485691221612
0.004092100979509382
0.03717275852917413
0.03760462155989078
0.012486682593602916
0.029507536777505002
0.012260871687741093
0.015997715549994036
0.008172371721519503
0.005897665250190506
0.007828748057417591
0.02345951235855392
0.006705719327948422
0.05568407971958977
0.022555808258604353
0.009205966738728475
0.005710104518065401
0.0356988351646158
0.013251913283690478
0.013315250937590858
0.008692506850621473
0.0014820342993840073
0.008354890969755986
0.011399058664419847
0.003229108736989258
0.019872116805535613
0.08089136625338522
0.013892047415791768
0.002128805908921676
0.014271276397578405
0.018155288495760223
0.012136829506830179
0.041889324355643576
0.023995966701344722
0.013692747242708823
0.012712839821574125
0.00858215433615621
0.01090695011662396
0.0556319906162909
0.013552102464325698
0.004820772887544742
0.09932206326663112
0.006006116303877724
0.019824848127210092
0.010492898715274784
0.0024538624771233545
0.008960294482679397
0.004351953162516565
0.12400739010495242
0.014060217791286453
0.01275182924837352
0.09404221414597548
0.017784204523207444
0.02713891928016722
0.002752455710993905
0.026811447747723385
0.018063732560180693
0.004296926273638392
0.018192414173809266
0.0025911772593663336
0.02040733381331478
0.004524018617445806
0.008125767885940199
0.00932566475731599
0.022176628264284615
0.016922124149819
0.02387414580774237
0.0038653696421207108
0.009237033271176663
0.044797972710971745
0.006315378011537971
0.022705908261184137
0.0059610679900176594
0.009429789924405185
0.0023153987862195406
0.03346756459716237
0.0012863143292493869
0.03216198918137991
0.018740816546900456
0.007328038570559932
0.0022756858283689116
0.02063448739614303
0.017286070804293816
0.023564780512829526
0.06664985937810605
0.06856363434821265
0.0637338928571871
0.01797875675620943
0.04711767323112262
0.009011964219965822
0.011785013655787062
0.025955032674824446
0.030490808642666914
0.026689563294562606
0.013402076773401857
0.01170626748190065
0.014878928228042973
0.23942344115838157
0.008149105217140434
0.017907253634366162
0.01061888318562632
0.004701110981678812
0.005498463612076625
0.07400688660172985
0.003951509677602989
0.007109003981745674
0.011499156952309604
0.007103710004209313
0.02084539197097191
0.026878560455109668
0.019246950243325307
0.024947272375774366
0.006069301893561272
0.07474539684245668
0.030009314235849367
0.04228462669058222
0.10511639549037773
0.0034312274760011758
0.027061568645419115
0.07916203949027752
0.010941173412764687
0.006077017031760807
0.029051351633321575
0.04307864994361529
0.04924167189670478
0.002999489420061311
0.048508055537357035
0.0012746954116720007
0.01626559800544881
0.004857846034263176
0.022253673803133863
0.023501757134650886
0.02182836552042941
0.007663311722188092
0.010192777848073173
0.03182696400464629
0.019475132939484722
0.012476349135122489
0.013943912439208075
0.0041436411027711735
0.023946552926139675
0.01608939734730607
0.004480264670932004
0.009865029155138559
0.002188884809375969
0.002897723566305003
0.0009661608370450323
0.011265570134906415
0.010673854842332636
0.04627795424041863
0.008263613231104245
0.020828401622985705
0.0035340989049500253
0.007825507687189787
0.0027965132630725005
0.008686303064639434
0.046146709484706054
0.016635304145219288
0.02326481377692569
0.006891999836844007
0.00649674376584828
0.0069094001151169615
0.013401480717812444
0.007932697852314256
0.024001998577229077
0.036594947256844604
0.010725664474655667
0.017035296811906214
0.061162132131509055
0.003966567937236665
0.02346075368797648
0.06091470178515888
0.011609402378983504
0.023181784317462813
0.010110478110413561
0.023093647433078516
0.02693359545226455
0.006365993434914994
0.008749763505793675
0.0019884733602545594
0.03818134042590111
0.019960934128543363
0.02289395074218838
0.009879016041204789
0.012649208013323145
0.013631251325733453
0.055098478180240266
0.03991658219934018
0.010494756294255602
0.0035418499581379216
0.005149955272640728
0.0075860554687100035
0.07395148212668705
0.021474891828124773
0.004091106329415151
0.0013793860153820702
0.001886963973104343
0.014382756535340034
0.0124601677022934
0.009353068876102452
0.013845356545536624
0.004097744955692929
0.012036428654605713
0.04522573264812429
0.020257615837967962
0.0005640844195597157
0.0026374665268651194
0.009195960038772884
0.010321795082357709
0.014234805619988092
0.0021913860476685627
0.0006715157412101684
0.0027303065081765894
0.02789553404270559
0.002327833476380944
0.002448486809842803
0.007615502007265545
0.09293746902196283
0.007722248461813409
0.016199721659779582
0.004892946700296117
0.004523374420524264
0.000553725929680086
0.008341097465995675
0.013862963496808997
0.033831971543208626
0.026284725226759013
0.0009714645705351173
0.014973868924665528
0.0026668930537122946
0.02428507433119234
0.035544556125294065
0.08256106554366004
0.003937017550870438
0.066236837147633
0.01071485565954441
0.008998303148205386
0.0062334019742318345
0.019892351196435325
0.04523436117205492
0.011699165991582994
0.023720459878576905
0.02016139841761078
0.004510553135322149
0.003699658507386567
0.0052902310598839505
0.0018066189822079004
0.0064979395525398545
0.0013847916530143481
0.044414258481312946
0.006850609615267573
0.03277084638858429
0.027373409649529404
0.014193064262416769
0.011395952651052275
0.05172414346925406
0.005158886578029637
0.023856861706081034
0.014549110283437958
0.020058298537851436
0.11411182094385464
0.014081680184587686
0.05870800541774637
0.0469547496566568
0.21099405606815705
0.022758489292818627
0.009630145791005773
0.03163997684481693
0.04107888958109687
0.03772798882446401
0.0045543622882647785
0.02590539157334748
0.02001421500193398
0.03771487118771707
0.07770481474903523
0.012342074664896471
0.09378280089810485
0.015382133381043323
0.01602854348894173
0.007601699845106479
0.023306845148650654
0.015962537447798814
0.010452743627196684
0.0034928031665325183
0.004669423380505136
0.020468815410792773
0.10840510272705267
0.030087989083155256
0.013911564161644354
0.1374990133599133
0.05909973275517069
0.011225861724708262
0.02104478819866938
0.005065829631462049
0.003632853331764413
0.001749116674848266
0.04712391412281076
0.005471618145720665
0.0024107665119559385
0.028819568740823264
0.04337376661423351
0.04763117275005422
0.00905362041015932
0.009602906798763317
0.06304231972867984
0.012676203722986728
0.009841029330655232
0.032396399976829436
0.0065310528807719205
0.004214136281298338
0.00462226920113142
0.021861930477074114
0.03747838003382925
0.008567415714585096
0.007448366910568636
0.09213542339622326
0.0011484770709682733
0.013612747717834751
0.0036652287935080197
0.0067226732193511754
0.0053160606502279766
0.007377383787911405
0.018751312312668602
0.015809617734821865
0.05665661705204126
0.07283774617557465
0.005152535617658816
0.01678400394992193
0.006101194558970321
0.027510226134462166
0.04597099446368271
0.018550952451391937
0.011714858474235972
0.00623224224007977
0.0004321541994773594
0.00736838013524217
0.010199845455386639
0.057835289493501314
0.010737183830226036
0.10935806648295553
0.0049274955244510855
0.006920216502114033
0.011523111223238241
0.00659728675713222
0.006131076889990531
0.01467242009450339
0.00957153948157397
0.010722393977562314
0.12658246399738043
0.01885213054881749
0.01813344095177194
0.010910686700655483
0.04706576765107796
0.007716492376684773
0.004970000039882926
0.013955237216993134
0.004360022557001352
0.0065090166793959825
0.009090783744860869
0.002583326134090748
0.010246551308649161
0.0021394207556181557
0.04144630951164913
0.06360429711815622
0.020803770231342906
0.0062277797782842245
0.03677193792107286
0.0074444406622453975
0.0028472833557380423
0.014945773607135102
0.0039046085325302026
0.005333117907901083
0.005081333004287828
0.03659155008759477
0.005238796553278854
0.004014315816218476
0.0038761070924081403
0.00493594141350496
0.10101977934404865
0.0019101731569987838
0.011202311632564124
0.06351825662137091
0.0031122719937984934
0.021331018567434936
0.009381839556549686
0.015619721113216365
0.006730682757867662
0.005444754092713972
0.005879483299846686
0.013923420091586527
0.010678695510782809
0.0034592728228850116
0.002010952984325142
0.0012212380604086583
0.032750775197059705
0.028516342162454886
0.0745402979067397
0.005941914952823546
0.03542634124011968
0.04504645044554773
0.005748827069375109
0.013432753229060658
0.03922340517384515
0.006893982065206305
0.023600040067175993
0.005651099894539029
0.012701914208179581
0.01564150775286737
0.0031552531926527625
0.01610083507553148
0.03868229198106855
0.005687747522978355
0.009575104918693383
0.005369235934304258
0.00853879884786291
0.0177596941031366
0.042041911696487
0.007184891560954448
0.004273979272355714
0.0014673979419060166
0.005531680301366456
0.003121003643529506
0.010563986768591905
0.018488314501296555
0.03178159913699772
0.004798910941030046
0.009884165041581131
0.007702782292949908
0.005574057801691423
0.0036088131034443197
0.014664776930623756
0.057299708774543184
0.008478721079756184
0.01604174286613964
0.007853083225143467
0.005709773527692859
0.007889034075445988
0.009793226121101123
0.008545907101313087
0.0007712651822074126
0.1218569928851272
0.005131141558827531
0.007499822156556798
0.006809109615467424
0.008109593466769633
0.0014655425107497335
0.004203311026564076
0.0036563415087141507
0.012404369250491182
0.05431486199226112
0.0792877546459696
0.007133149838123704
0.029735221938452114
0.0034428105981674207
0.010138904931834882
0.010692294702168178
0.0377866969963584
0.0036041259891295154
0.0016187430979317395
0.003550627209392932
0.0037410287689211316
0.029248325370765067
0.0005742555204979545
0.013710315147402959
0.0016125887570578514
0.0009504090810678068
0.0051371108167262486
0.002497441970562103
0.004475040382546903
0.005509980647027926
0.008146292904184076
0.016720551946311807
0.004700436222511377
0.008151891078826093
0.0005698765416080658
0.006128533626683138
0.08047794543072224
0.060158907056779364
0.0804272525079143
0.01904871601857447
0.1417524411148026
0.011060431374969206
0.006805248362047572
0.005927759803647373
0.008429447024469698
0.002275175185545274
0.015035359761883691
0.0041726271483444625
0.015926376841540878
0.003155043240726336
0.002840579080876126
0.07040709583425095
0.10115506404722553
0.005155582753834491
0.03343646429961939
0.005554436507331635
0.0011642938353458104
0.01240714227546042
0.02205974368117596
0.005420793950748122
0.003247379713856276
0.0016726179871026873
0.01018273565436602
0.0035457469537387757
0.021745392291379798
0.008831902196925222
0.0062859552767865375
0.01030623269114195
0.0012360985583803254
0.008044420734046652
0.02458101846685552
0.006708117764562308
0.005537298284622387
0.007561510068404515
0.011089495562655373
0.011094075599234901
0.01725694161617196
0.019201069375094613
0.018075642786813496
0.013118350134318205
0.015360911490157841
0.03606810641886383
0.011098308456436749
0.02907874749436881
0.08599667707055192
0.13485033749739342
0.025598009698242507
0.032639923778169086
0.0057354539620128155
0.0008320073221048537
0.005557530121583643
0.006287773176381205
0.006242786246379066
0.009753302809603601
0.0008483461552658359
0.012937896904011653
0.008731839072291431
0.011207271319873835
0.017900268476558075
0.04333607104221079
0.01303174633103654
0.02642201882659428
0.012557931634872956
0.08077945758759919
0.06676043556525892
0.003548418106640097
0.17176116387285653
0.03275407424965528
0.01366213414812858
0.01732825383887362
0.022798281217343175
0.0626609437251657
0.006145064235626871
0.023631579061481823
0.013586861649531608
0.11345050271453068
0.012570663331479813
0.03981136778623967
0.012691928706392094
0.035504055277706406
0.015103725950179106
0.009439400534808276
0.009235158563485439
0.006217886917708038
0.07315064855009888
0.014408515686338242
0.06766943310434961
0.04537715443384985
0.06550920113440452
0.19562331320075618
0.0028394465266636617
0.09241854921847836
0.003362465148351885
0.011814493564719862
0.00882618586914889
0.02411395102684259
0.0036555361708331432
0.02893916519388814
0.008106134199312824
0.019310880445527482
0.011654741270433014
0.0076971111217916735
0.17329071868673862
0.003133514508996642
0.007797672675545055
0.02179701389780801
0.06907387557904568
0.021232010120512207
0.011348272037525869
0.12322460774979499
0.010830390713292322
0.016235148501375248
0.005903101840751414
0.003924611526484931
0.03647836512740244
0.005051946429986036
0.0877052069620295
0.004447319468594442
0.0032810234143342324
0.007983106894858892
0.01048374194585301
0.00851189589367184
0.030929475837958548
0.038965259820039254
0.003483008828100367
0.019169764667773394
0.006145078166216906
0.007545544228914766
0.008542110245606601
0.025910169431264316
0.02211149707989804
0.007937705265196509
0.04145285298720342
0.0039050588161690363
0.0022681423032870226
0.011435231792860878
0.006534418908372644
0.01052465474131293
0.005302954447944695
0.10803591486995102
0.027866295307522205
0.0051178907776216155
0.013347969161206482
0.02239539287664405
0.014769343054829328
0.03572924228382724
0.12644778876571225
0.004833543640098206
0.009738909207298653
0.13117911106959418
0.06616254215162454
0.013623283015122126
0.010770058045016568
0.034869276330844724
0.026795158742182894
0.007094991264762161
0.0047593539288936755
0.03465533383312532
0.004794989639704811
0.010620411639743824
0.0310442755704389
0.10828562574728012
0.03289878179147192
0.001502035072624786
0.005691765118402269
0.00266250188840946
0.009102142675974161
0.06427058142559672
0.0058329675378134055
0.0024764793657683502
0.0018887934874622099
0.019168128873099013
0.0035576759678684813
0.011644192633844938
0.0023595556568593683
0.012387643227844539
0.032196368662653574
0.003488189573806397
0.03961364177574982
0.008275780824836784
0.06114034335777968
0.007760388844641762
0.04046122253726606
0.014295417550811105
0.056734809398793794
0.016072074851093354
0.007477722869030141
0.002766081094967999
0.014843031361406417
0.007551987153840863
0.01583452143720251
0.01978425466632604
0.0032643549341884394
0.011863905571386293
0.0038034065748120266
0.0012289402612192673
0.0005469264797881174
0.005526258362313164
0.014234132512073243
0.011565045161179456
0.005617514386626279
0.003049419531065939
0.005818339475486697
0.003016278460963022
0.004071676156598724
0.018313263633997517
0.013711528987571173
0.007904789404332752
0.011297717220019642
0.007284919178685644
0.009475398604502649
0.0037465754575963244
0.009222326963180484
0.019880101948026037
0.007096825623554342
0.019545948428421566
0.013589877304727061
0.005491776243309564
0.005884780317213252
0.007380521243901718
0.002669588505673236
0.00701416685354864
0.007249298197669079
0.006357511219258803
0.00179316576614304
0.0080608018124911
0.00165836015400203
0.017513752211274415
0.003384081311359005
0.021822682851072545
0.002841112332269682
0.029274689553722047
0.005194333170262603
0.02101769314602236
0.005928335960948977
0.009501690612387582
0.00910057673174138
0.03296679890818288
0.0053016454204462
0.007585164912713053
0.02044811472233762
0.004473156430736967
0.0022352105269999056
0.051596137383147174
0.03818492633419985
0.06115956836690328
0.0054627338094021295
0.009729025795919369
0.00924141828311612
0.003933451979814428
0.0014775446640536768
0.000997676628656858
0.0016875657327981742
0.04130170122162694
0.004078831521216848
0.029912234579808756
0.04420210234460608
0.0034299466911093313
0.009197526303068145
0.01421720378960515
0.005088690821305295
0.001504304547105377
0.004366187493617502
0.008074609794010828
0.009138091653967692
0.0031334764898386385
0.0018942637312803193
0.0005450096647504998
0.002855305994206303
0.0017788121630157245
0.013001512646560987
0.13714543951476668
0.004262634135184253
0.0037931228667984367
0.003082875650056603
0.01237207304976863
0.0013983189390026284
0.03182309889647575
0.006403478839799462
0.00811438070258321
0.007310412352154389
0.009962395747840112
0.1088058438761768
0.0011486875307370299
0.07528278815029116
0.0048641500750125554
0.0013404247221594466
0.005478345460687779
0.011024417831747442
0.07080236053693069
0.011384061557734493
0.13666511984787075
0.004664395328278698
0.07690794891388006
0.010878194924285654
0.007246273209379823
0.13629210427192043
0.009241468762473438
0.004077659234228496
0.0041943832516797945
0.00660906411819162
0.0012270844266769963
0.002346335202812205
0.002413663194978824
0.0020430279192038855
0.020788193853624383
0.051636136827260544
0.006375456946290534
0.003085394611083528
0.005022515919222427
0.050338926734895005
0.0801154451497518
0.11165695514843481
0.025409413389289703
0.09897581856395271
0.0037263964129671686
0.006088243357237583
0.06244771133615526
0.003984223266558972
0.004515535621977161
0.019917210483472187
0.005743847266898828
0.0092970077567665
0.014211323106842075
0.007989335039392535
0.0046620190020045995
0.014893102194755625
0.006945198161143536
0.0036458567642428906
0.0037679609232786925
0.007816448566261253
0.016568035750336642
0.055894748497769375
0.055961922939806306
0.04377226212023996
0.006358173824763408
0.011966492399830763
0.008829813661019016
0.004021513195458958
0.00532524197644904
0.0049389645756617254
0.005232602869512073
0.02134576420627139
0.020954515978875737
0.0028990854520867175
0.001040550536247878
0.02375907476200521
0.00872807598923263
0.001866728779117161
0.011509721563736518
0.003047427122788496
0.01702542901089218
0.022526936179348544
0.007522782821237705
0.02348878468406278
0.0063193120526716965
0.07800724331799576
0.01730622698748698
0.0071236216789505626
0.021447612932946804
0.029750630955578686
0.003891786407619447
0.04062961114417746
0.005076552285321085
0.05809863065823781
0.0023536514072667763
0.014744170363072637
0.012129916944244182
0.023067561606803507
0.053281747099439836
0.20345795973454361
0.004623666981251004
0.0109895683502012
0.025440801335760974
0.016495903131050944
0.01916011290327944
0.046687305941143044
0.031173433559893007
0.005816704916335773
0.006618639044864416
0.006273437319808648
0.012567906283430803
0.0037090450700736216
0.008662221924846095
0.003733082144011146
0.00129864693795789
0.01051018760552651
0.06512593528965548
0.0030706081206638724
0.018316370073191236
0.004632566338673267
0.011891162341184987
0.006673063394182424
0.0023476933932458197
0.08325975924413455
0.2401674780122878
0.0154162228551313
0.007503680694009075
0.01180652845476333
0.0260727816500132
0.003969619244648057
0.009793582120314186
0.09105471587605463
0.04855090270143278
0.005345211308735377
0.03752592884304851
0.06648930840909394
0.0093006323724802
0.008745005158465921
0.0068533757257606765
0.005684616963708689
0.060794832905335716
0.01791295678721946
0.007515332798509595
0.014483299190903262
0.014035557438263143
0.009530488399479705
0.04776894732468936
0.02320792812920661
0.01768503653989305
0.00872388498280199
0.004759834929050818
0.004370152414767525
0.013270845556491795
0.007996268220504367
0.027259711419146015
0.02757301527189002
0.02720152637352799
0.005489683057508542
0.009651165209820213
0.010794292862028381
0.011465825224999622
0.006682531772519183
0.004956574803075409
0.009818044482295273
0.002423045426067423
0.00785294214774058
0.06304972699023696
0.013112025357417215
0.01164216230119628
0.12706310004354962
0.005607157087066099
0.009593098015103661
0.010883482506760161
0.0035267316880672893
0.015484193860135163
0.0023447771893208478
0.013529044819314613
0.0033288083953462114
0.03762587352673491
0.08261659410894463
0.008907432115394883
0.016725613752089655
0.03244941867138151
0.017371386676357493
0.0037205141619021365
0.03880130194937904
0.019515388831401904
0.022777393641517398
0.05191048289123729
0.06325095204643168
0.0026601133832234013
0.007157757825491843
0.003088023874309649
0.023806237507056724
0.003706189387242228
0.005860648677591067
0.007231929311423937
0.010563111512738301
0.006536799674370398
0.010123071471745274
0.020581188745403305
0.009601616616916246
0.003427331272252219
0.004352230957215317
0.008398438707060312
0.00482706071111912
0.0017791052894219849
0.01116889254024326
0.049758786409054824
0.10074025641059976
0.008137774321910528
0.00536265256108661
0.010435159205883152
0.05103966369305125
0.018593209069626
0.00991418350847679
0.012391243055781457
0.008728948520970043
0.048674022374777824
0.0201568590695192
0.010134260623868305
0.012580249671753753
0.008070184447828569
0.0038669116521407917
0.0026385298321382135
0.010685876397493027
0.005356437895243371
0.005468287794095558
0.005776404972219549
0.0035942398384984846
0.0025327256340294765
0.05019700419121259
0.17599931723438597
0.009150359468147103
0.004561766332300184
0.01829522567945378
0.059544501985129415
0.02672582802190786
0.024040277913976036
0.010643413182731638
0.0038114702106946444
0.015093640814211606
0.018045215655250493
0.008774691839910411
0.0018712531312848023
0.0009235858391691436
0.0025642955088643767
0.07316106746939889
0.04131074604491529
0.07813227781062228
0.011146692233229135
0.00873829089294629
0.0012444916684905742
0.0048536466969914755
0.0007169037325093437
0.004363118129184648
0.0150442373993034
0.03226144082470628
0.01722063353221236
0.0007537351097114897
0.005299385033302183
0.06637331914819576
0.003173255631412374
0.004895185807643928
0.004382868225942066
0.007648956637196932
0.004327716636927937
0.004053462997355901
0.016843773312215836
0.004711830585601308
0.058623018909841035
0.012053592186926504
0.004937536357119226
0.008110004200197385
0.0018188708721606883
0.010494921304029294
0.011292138293627586
0.11682567481804874
0.0025097242906413986
0.012208056183810712
0.0027543855603125687
0.005864487247386894
0.03732913732448729
0.002882205760759936
0.008589984578502666
0.005019990483799578
0.00918618767041156
0.011954654056212584
0.009552420049726255
0.0041408284558482784
0.00423753302454564
0.057503364408018266
0.03466628208820526
0.0043112878463981265
0.0007520255595776499
0.007682689174773681
0.011148050301924992
0.005634298476217083
0.030338641435524626
0.0023509810012432696
0.0016119500800595725
0.0046279599173309075
0.006758242568922795
0.023255412930860548
0.012798291634653639
0.010537303463740884
0.003919404573791048
0.09263451732047817
0.009542910051007845
0.08216914025518883
0.00564195439896414
0.0038956921469709923
0.02253587570420337
0.024295350952475762
0.008950280137950002
0.14478994706236695
0.04360433364114646
0.16302443380171838
0.0188168089793559
0.07841797821220511
0.0034363632370640433
0.02804497961304347
0.0853725742569897
0.0014308911862139318
0.05664002451060371
0.08735011099694466
0.011863922298546143
0.013484560724275249
0.04933111079386423
0.004976100342658036
0.0182157894812423
0.006222029289877573
0.010973770824419185
0.035196588806187735
0.06958327187611037
0.14293947780553848
0.07684764097684325
0.002813950126476415
0.014302239053308588
0.009442056187240885
0.06672970206661975
0.015166327595536445
0.027645083028050965
0.04939572656551383
0.04867511090606914
0.008858734798158569
0.012348854450580602
0.004277323916167728
0.007831135213382402
0.0026736569034789236
0.01570627042705099
0.004324818767392277
0.015621039473813556
0.04410565736696354
0.00889435378123196
0.011426303096135628
0.016108919716824984
0.03672004842715807
0.010421112048040464
0.0083561835375262
0.013615504445657024
0.002272089442750817
0.04060609646850703
0.008566065704403112
0.009200947531776573
0.003967261548912019
0.011240375614900778
0.0092730183735266
